mag
1.63
1.46
0.27
0.67
1.16
0.84
1.55
0.56
1.62
1.9
0.87
1.42
1.58
1.35
1.27
1.4
1.25
0.04
0.6
0.5
0.9
0.83
1.1
1.88
1.52
-0.5
1.81
1.03
1.05
1.09
1.19
0.69
0.8
2.34
0.45
2.51
0.97
1.23
0.7
0.82
1.11
1.36
0.82
1.59
0.92
2.24
1.51
1.61
0.86
0.81
-0.3
0.1
1.52
1.59
1.73
0.06
0.67
0.6
0.99
1.06
0.9
0.93
2.71
0.55
1.95
0.2
1.11
1.37
0.68
1.12
1.5
0.76
0.99
0.94
0.55
1.91
1.63
1.32
0.68
1.11
0.81
1.25
1.15
0.66
0.81
3.16
0.1
1.32
0.76
0.95
0.77
1
0.4
0.52
0.5
0.97
0.91
0.09
0.96
0.86
0.6
1.05
0.93
0.65
1.2
1.42
0.56
0.4
1.07
0.2
1.37
1.08
1.42
0.8
0.67
1.8
1.52
0.2
1.11
1.2
0.74
1.27
0.18
1.13
0.86
0.9
0.2
0.79
0.4
0.99
1.14
1.17
0.82
0.84
0.2
0.81
0.9
0.69
1.09
0.77
1.17
2.03
-0.05
1.26
0.42
0.5
1.2
0.72
0.77
0.33
1.99
0.8
0.7
1.4
0.68
1.07
0.84
0.67
1
0.6
1.43
0.56
0.9
1.22
1.93
1.45
0.74
0.58
0.94
0.47
0.23
1.47
0.25
0.81
1.3
1
0.9
1.07
0.2
0.8
0.56
0.78
0.43
1.63
0.75
0.43
0.05
1.73
0.37
0.67
0.85
2.4
1.02
-0.3
1.05
1.55
0.98
0.42
0.76
0.94
-0.33
1.66
0.59
1.31
0.99
0.55
1.18
1.81
0.74
0.91
1.28
0.91
0.68
1.07
1.04
2.52
0.81
0.85
1.43
0.5
0.8
1.29
0.59
2.23
1.58
2.04
1.49
0.83
1.34
-0.4
0.57
0.82
1.33
1.03
0.74
0.64
0.87
0.81
1.04
1.36
0.93
0.97
0.36
1.04
0.73
0.62
1.16
0.95
0.98
0.69
0.91
1.17
0.98
1.14
1.19
1.41
1.13
1.56
0.8
1.73
-0.1
0.25
1.13
0.8
0.77
0.64
0.81
1.23
2.02
0.96
-0.3
0.9
1
0.48
1.81
1.45
0.41
1.31
0.81
2.29
1.04
1.25
1.14
2.31
0.62
0.57
0.22
0.44
0.92
0.99
1.48
0.8
1.45
1
0.45
0.91
0.8
0.85
0.2
0.43
0.58
1.06
1.73
0.86
2.38
0.32
0.59
1.19
2.31
0.5
0.4
2.75
2.64
1.7
1.3
0.29
0.67
1.81
0.89
0.99
0.88
0.92
1.99
1.36
0.54
2.54
0.58
0.11
0.55
0.78
0.62
0.85
1.1
0
1.76
1.71
1.68
0.9
1.09
0.81
1.37
2.47
2.01
0.52
2.53
0.77
-0.2
0.13
0.57
-0.1
0.92
0.81
1.21
0.58
0.72
0.59
0.52
0.16
1.25
2.59
2.29
0.83
0.51
1.19
1.53
1.4
0.79
1.3
1.31
1.31
1.15
0.24
0.42
0.43
1.58
0.58
1.05
2.52
0.97
0.26
2.1
2.4
0.1
1.9
0.17
1.32
0.84
0.62
0.85
0.71
-0.2
0.92
1.37
1.5
1.22
1.4
1.55
0.34
0.89
1.7
2.91
2.02
0.23
1.16
0.6
2.11
0.78
1.28
0.56
1.13
1.06
0.99
1.45
1.09
0.35
0.9
1.74
1.1
0.3
1.31
0.56
0.81
0.62
0.97
1.06
1.18
0.44
0.49
1.24
0.56
1.2
0.25
-0.15
1.01
2.11
0.84
0.32
0.8
1.28
0.89
0.89
0.5
2.65
0.98
0.59
-0.1
0.78
0.73
1.42
0.63
0.68
0.89
1.71
0.1
0.4
0.3
0.85
0.74
0.26
0.93
0
2.66
0.95
1.24
-0.2
1.16
0.9
0.45
2.78
1.37
0.7
1.25
0.29
1.5
1.22
1.21
1
0.7
0.98
0.55
2
2.15
1.05
1.2
1.54
0.93
0.56
1.09
1.47
0
1.94
1.21
0.59
0.63
0.55
1.44
0.94
1.58
1.59
1.56
2.33
0.8
1.44
0.81
0.9
-0.03
0.45
1.02
2.13
1.5
0.96
0.68
0.7
0.88
1.04
0.77
0.91
1.27
1.18
0.19
1.08
1.02
1.49
0.95
1.02
1.56
1.2
0.7
1.12
0.34
1.95
0.62
0.79
0.78
1.23
0.74
-0.1
1.01
0.37
0.63
0
0.83
1.34
1.18
0.62
0.57
0.14
0.8
0.6
1.71
0.21
0.74
0.83
0.98
0.93
0.89
1.43
1.3
0.49
1.74
1.22
1.55
1.45
0.55
0.1
0.85
1.56
0.7
1.12
0.94
0.97
0.91
1.22
1.4
0.59
1.24
0.9
2.13
0.74
0.6
0.83
0.8
1.58
1.65
1.19
1
1.6
1.17
0.45
0.8
0.11
2.2
1.71
0.66
1.3
0.72
0.63
1.79
1.08
1.4
0.28
2.82
0.58
0.46
0.88
1.08
0.29
1.03
0.66
0.87
0.57
0.22
1.33
1.12
0.64
0.87
0.86
1.6
-0.2
0.91
1.16
1.1
1.1
1.59
0.87
1.1
1.22
0.87
1.56
1.07
1.52
0.56
1.51
0.74
1.28
1.39
0.78
0.76
1.58
0.56
1.15
1.23
0.4
1.69
1.25
1.37
0.85
1.59
3.2
0.71
1.74
0.63
0.52
1.17
-0.3
0.56
1.91
0.72
1.49
1.19
0.96
1.6
0.74
0.64
0.82
-0.19
0.1
1.07
0.73
0.65
0.7
1.85
1.45
1.97
2.15
1.12
0.57
1.81
1.3
1.12
0.55
1.59
1.59
0.87
1
0.49
1.4
0.8
0.88
0.42
1.11
1.02
0.9
0.65
0.48
0.88
0.97
0.62
0.89
2.04
1.15
1.86
1
2.26
0.55
0.88
0.56
1.36
0.77
1.62
1.28
0.87
1.35
0.57
0.61
0.9
1.18
0.96
1.22
1.36
0.66
3.15
1.17
0.81
0.84
0.69
0.55
0.79
0.16
1.19
2.51
2
1.1
1.04
1.12
0.54
0.61
1.02
2.77
0.88
1.89
0.87
1.65
0.69
1.66
0.84
0.76
1.79
0.72
0.78
1
1.76
0.76
0.54
0.88
1.23
0.44
0.57
1.2
1.45
0.56
1.13
0.35
1.9
0.65
0.29
0.86
0.99
1.19
0.83
1.22
1.02
1.48
2.13
0.8
1.15
-0.3
1.3
1.19
1.3
0.98
1.07
1.6
1.2
0.96
1.22
0.65
0.74
0.99
1.08
1.59
1.46
0.03
1.26
0.96
1.66
0.33
1.05
1.06
0.51
0.41
1.04
1.18
0.7
1.65
0.95
1.19
1.13
1.57
1.06
0.94
1.16
0.97
1.9
1.08
1.24
0.82
0.8
1.48
1.6
0.2
1.2
0.3
0.81
0.88
1.56
1.01
1.12
1.04
0.42
-0.4
1.2
1.01
0.44
1.36
1.01
1.23
1.17
2.47
1.3
1.26
0.5
0.05
1
0.1
0.86
1.25
0.8
0.41
2.21
0.95
0.76
1.14
0.98
1.61
0.82
0.57
0.51
0.92
1.38
0.68
0.67
0.1
0.56
0.55
0.56
0.35
0.66
0.96
2.05
1.35
1.47
1.67
0.25
0.32
0.56
0.85
0.98
1.3
1.22
1.84
0.86
1.07
0.64
1.3
1.78
0.28
0.65
1.1
0.59
1.76
1.44
0.57
0.89
2.29
1.1
3.93
1.46
0.66
1.53
0.19
1.29
0.89
0.19
0.56
0.66
1.79
1.71
0.88
0.64
1.5
1.55
0.97
0.96
1.79
1.4
0.49
0.84
2.24
1.6
1.73
0.92
2.24
1.83
0.73
0.78
1.39
1.24
1.3
1.06
0.77
1.5
0.8
1.31
0.89
3.62
1.32
0.93
1.24
1.87
1.1
0.89
1.55
0.78
-0.29
0.79
0.25
0.15
1.33
1.64
1.27
1.1
0.63
0.11
1.99
2.13
0.19
0.88
0.74
0.77
0.37
1.3
1.51
0.95
1.4
0.51
1.5
-0.2
0.8
-0.3
2.09
1.3
0.36
0.88
0.1
2.01
0.64
1.34
-0.3
1.16
0.4
0.79
1.59
0.2
2.7
1.31
0.75
1.79
0.57
1
1.16
0.36
0.46
0.26
1.89
0.2
0.8
0.6
0.95
0.74
3.32
1.23
1.73
1.06
0.91
0.82
1.05
1.44
2.09
0.6
1
1.2
-0.2
0.23
1.4
0.86
0.09
0.4
0.26
0.58
0.66
0
1.13
2.3
0.65
0.98
1.46
0.41
1.69
0.75
1.04
0.89
3.74
2.42
0.24
0.97
0.56
0.67
1.47
0.2
0.48
0.33
0.87
1.08
0.6
0.44
1.02
1.6
0.58
0.89
1.37
1.79
0.94
1.2
1.22
1.14
1.34
1.17
1.58
0.69
1.27
1.2
0.91
0.82
1.41
1.9
1.02
0.89
1.27
1.37
0.6
1.02
1.66
1.21
0.1
1.42
1.62
2.21
1.87
0.47
1.61
0.25
1.83
0.52
0.33
0.96
0.9
0.32
1.13
0.43
1.16
1.2
0.45
0.21
1.72
1.05
1.14
1.44
1.3
2.3
0.78
0.6
0.63
0.69
0.33
0.57
0.37
1.81
0.8
1.16
0.46
1.1
0.27
1.37
0.65
2.39
0.58
1.57
0.4
-0.12
0.92
0.32
0.71
1.56
1.03
0.37
0.08
-0.01
0.59
0.92
0.8
0.7
0.7
1.06
0.48
0.08
0.15
0.93
-0.3
0.3
1.18
0.1
0.69
1.36
0.82
2.48
2.85
1.38
0.65
0.56
0.35
0.92
0.91
1.17
0.75
2.45
0.61
0.55
1.9
0.9
1.54
0.6
1.33
1.38
2
1.07
0.56
0.54
2.48
0.08
0.56
0.84
0.6
1.07
0.78
2.5
1.2
1.55
0.94
1.12
0.93
0.35
0.33
0.38
0.55
0.4
0.36
0.56
1.24
0.34
0.35
0.33
0.35
0.37
1.58
0.54
0.86
1.1
1.2
1.13
2.89
1.16
1.18
0.4
0.25
1.14
0.42
2.93
1.36
1.47
1.09
1.54
1.08
0.74
0.3
0.8
0.9
0.44
0.52
1.26
0.56
0.25
0.6
0.68
2.08
0.22
1.47
0.59
0.69
0.9
1.77
0.92
-0.37
1.32
1.3
0.1
0.95
0.85
0.66
0.89
0.7
0.64
0.11
0.2
0.5
0.77
2.38
0.99
1.44
0.45
0.9
0.74
1.3
0.56
0.4
2.5
1.34
1.32
1.17
0.42
0.59
0.66
1.5
0.86
0.5
1.59
0.03
1.76
0.6
0.89
1.47
2.06
2.74
0.57
0.2
1.82
0.92
0.5
0.5
1.77
1.13
0.45
0.72
1.2
1.85
0.86
1.19
1.02
1.25
0.71
0.14
1.8
1.61
1
1.02
1.19
1.34
0.44
0.55
0.51
0.41
1.25
0.31
1.84
0.92
0.51
0.36
0.15
0.5
0.27
0.58
0.65
0.8
0.98
2.86
1.1
0.55
2.46
1.2
1.37
0.7
0.56
2.39
0.71
0.83
0.72
0.23
0.98
1.09
0.62
0.41
1.74
0.65
1.83
1.05
3.16
1.15
1.18
0.7
1.43
1.45
0.56
1.7
1.49
2.23
1.3
1.1
1.23
0.81
0
1.08
0.22
0.25
0.64
1.55
1.04
1.1
1.24
0.41
0.73
1.23
0.33
0.88
1.65
2.94
-0.2
1.6
0.83
1.34
1.1
0.28
0.58
1.67
0.68
0.99
1.8
0.08
1.93
0.9
0.71
2.4
1.02
0.67
0.76
1.5
1.49
1.43
0.73
1.26
1.74
1.31
1.19
1.22
2.02
0.7
0.84
0.99
-0.35
0.94
1.4
0.73
0.54
2.11
2.55
1.79
0.97
1.1
1.43
1.8
0.93
1.51
0.6
0.65
0.62
1.17
0.91
1.17
0.45
2.02
1.57
1.62
0.39
1.78
2.43
1.69
0.83
0.27
0.62
0.93
1.2
0.66
1.1
0.58
0.56
1
0.83
0.32
0.7
0.94
0.74
1.42
1.76
0.42
0.99
1.86
1.75
0.89
0.71
1.39
1.16
0.79
0.93
1.11
0.82
0.38
1.42
0.1
0.78
1.27
0.87
0
0.38
0.76
0.46
0.82
0.3
1.6
1.18
0.89
1.06
0.34
0.78
0.76
-0.2
0.7
1.78
1.3
0.19
0.6
0.94
0.84
0.96
0.82
2.68
1.53
0.8
0.34
0.64
2.18
0.71
0.15
0.68
2.35
0.8
0.67
0.3
1.32
0.55
0.86
2.33
0.55
0.44
0.71
1.17
1.13
0.56
0.39
1.44
1.91
1.43
0.27
1
1.5
1.01
0.74
0.98
0.24
0.57
1.17
1.02
0.79
1.59
1.3
2.33
0.95
1.06
0.95
0.21
1.2
1.27
0.71
0.19
1.89
1.93
0.53
0.95
1.57
0.92
2.5
1.3
1.14
0
1.74
0.56
2.23
0.53
0.99
0.58
1.17
1.4
0.87
1.45
1.34
-0.2
1.12
1.97
0.62
1.23
0.87
0.96
0.74
1.45
1.59
1.35
1.5
0.93
1.53
0.2
-0.3
0.65
2.3
0.68
1.26
1.9
0.1
1.63
0.8
1.18
0.52
0.8
0.2
1.2
1.2
1.42
0.8
-0.3
1.18
0.2
1.83
1.4
0.5
1.22
1.31
1.43
0.4
0.64
0.09
0.68
0.89
1.86
-0.4
1.15
1.45
1.09
0.41
1.74
1.27
1.9
0.4
-0.1
1.7
1.11
0.69
0.85
0.92
0.88
0.83
0.82
0.5
0.94
0.64
0.73
0.8
2.13
1.47
2
0.36
0.79
0.7
0
1.14
0.26
0.86
1.71
0.97
2
1.41
1.12
2.6
0.92
1.63
1.45
1.69
0.55
0.6
1.05
1.37
0.88
0.11
0.7
1.85
2.23
0.99
0.76
1.13
1.11
1.13
1.64
0.37
1.15
0.92
0.6
1.42
0.8
0.17
0.6
1.04
0.57
0.75
1
1.7
1.07
1.27
0.65
-0.1
1.44
0.03
0.81
0.64
0.63
0.23
2.54
2.26
1.1
0.85
0.68
0.34
0.78
1.3
1.08
0.51
2.48
1.11
0.91
1.8
0.61
0.82
2.29
1.19
0.63
1.49
0.88
1.2
0.87
1.17
1.65
1.32
2.36
0.54
1.26
0.78
1.1
1.4
1.99
1.62
0.54
2.27
1.2
2.4
1.01
0.69
0.3
0.8
1.4
2.9
0.33
1.83
-0.1
0.25
1.77
1.27
0.78
0.08
0.65
-0.4
1.38
0.96
0.5
1.14
1.18
1.02
0.73
-0.12
0.5
0.82
1.07
2.18
0.61
1.39
1.01
0.1
2.22
1.8
1.38
2.04
0.14
0.61
0.8
0.69
1.29
0.54
1.17
0.77
1.28
0.45
1.17
1.8
1.01
0.62
0.66
0.06
0.91
1.17
0.42
0.64
1.24
2.18
1.15
-0.4
0.78
1.29
-0.68
0.77
0.82
1.5
1.63
1.56
0.83
2.45
0.84
0.63
0.2
1.79
3.91
0.65
0.88
2.61
0.77
0.32
1
1.44
0.62
0.2
0.69
1.14
0.52
0.63
1.42
2.14
0.55
1.41
0.64
1.46
1.1
2.53
0.75
0.76
2.42
1.4
0.43
0.95
1.1
1.15
2.39
0.27
0.84
0.1
-0.3
1.4
1.42
0.9
1.31
1.44
0.93
1.62
0.89
1.84
0.68
0.78
1.3
1.12
0.7
1.8
1.31
1.31
1.96
1.08
0.79
1.58
1.18
0.59
1.12
-0.3
1.8
2.25
1.56
0.27
0.59
0.46
0.22
0.07
0.27
1.42
0.91
0.9
0.92
1.5
1.41
0.57
1.25
3.84
0.2
0.84
0.8
1.22
0.8
1.31
1.29
0.86
1.1
0.87
0.56
1.87
1.85
0.2
1.32
0.13
1.04
1.1
0.54
1.35
2
0.82
0.46
1.1
1.89
0.7
0.87
0.81
1.22
1.01
0.87
1.11
1.03
1.16
0.63
1.63
0.63
0.86
1.11
2.03
3.23
1.61
1.4
2.23
0.52
1.01
1.4
1.79
1.08
0.17
1.55
0.86
0.19
0.59
2.18
0.56
0.84
0.24
1.72
1.43
0.43
1.7
1.4
1.29
1
1.03
1.7
1.49
-0.13
1
3
0.33
1.7
0.5
0.19
0.27
1.38
1.44
0.91
0.57
1.24
0.64
1.59
1.45
2.36
0.89
0.66
0.7
0.61
0.83
0.83
0.95
0.96
0.36
-0.1
0.57
1
0.2
0.77
1.53
1.23
1.36
1.72
0.71
2.42
0.68
0.72
0.83
1.98
0.47
1.54
2.35
0.64
1.01
0.11
1.49
2.16
0.29
0.36
0.27
0.74
0.74
1.34
1.12
0.27
0.8
1.12
0.88
0.69
1.02
1.21
0.79
0.29
0.48
0.2
0
0.3
0.16
0.12
0.41
0.95
0.58
0.93
0.89
1.6
0.46
0.67
1.48
0.4
0.24
0.24
0.79
0.64
1.19
0.82
0.7
1.07
1.48
1.63
1.2
1.27
1.24
2.59
0.83
1.78
1.99
0.81
0.9
1.65
1.07
-0.3
2.56
1.13
1.9
1.33
3.11
1.01
1.68
0.9
1.15
1.02
0.91
0.14
0.84
0.4
2.54
0.96
1.88
1.2
0.4
0.42
0.31
0.43
0.55
1.42
0.15
1.75
1.88
-0.1
0.2
1.34
0.79
0.78
1.41
0.79
0.04
1.17
0.84
1.13
-0.2
0.5
0.39
1.75
0.29
0.35
0.45
0.84
0.23
0.92
0.24
0.33
0
1.64
0.9
1.2
0.63
0.61
0.6
0.75
1.51
2.16
1.79
1.7
0.73
1.91
1.92
0.46
0.87
0.58
0.78
0.41
1.03
1.49
1.13
1.29
0.82
1.41
1.28
1.02
1.08
1.68
2.21
1.02
1.33
0.1
0.82
1.97
3.05
1.26
1.15
1.33
1.67
0.73
0.78
1.1
0.69
0.2
0.1
1.15
0.87
1.48
1.01
0.92
0.91
0.86
0.7
1.25
1.5
0.77
1.02
1.43
1.07
0.84
0.4
0.35
1.4
2.62
1.03
1.63
4.06
1.63
1.34
0.91
1.3
0.95
1.1
0.3
2.27
0.36
0.4
0.5
0.99
1.65
-0.12
1.74
0.89
0.27
0.94
0.59
0.83
1.22
0.75
1.96
0.63
1.08
1.24
0.63
0.81
0.9
0.92
1.14
0.59
0.22
0.23
1.47
1
-0.1
0.76
1.19
0.09
1.45
0.56
0.2
0.7
-0.1
2.14
0.86
1.34
0.8
0.2
0.76
1.13
2.65
0.72
0.32
-0.2
1.33
1.13
0.67
0.82
0.6
0.43
0.7
0.57
0.87
1.23
0
0.7
0
0.55
-0.2
1.24
0.84
1.02
0
0.02
0.9
0.58
0.59
0.62
2.02
0.2
0.95
-0.4
-0.3
-0.3
1.1
1.36
0.75
0.75
-0.3
-0.3
0.26
0.55
0.27
-0.1
-0.3
1.38
-0.2
0.97
0.94
0.43
1.76
-0.1
0.76
0.92
0.29
0.72
0.6
0.95
0.94
0
0.73
0.5
0.4
-0.2
1.3
1.05
0.83
1.07
1.6
0.92
1.1
0.48
0.55
1.18
1.37
1.2
0.54
0.97
0
0.68
2.16
1.4
-0.2
0.7
0.4
0.72
0
-0.2
2.11
0.72
0.97
0.97
0.1
0.1
0.1
0.5
0.21
0.48
0.55
1.28
1.14
0.39
0.7
0.6
0.6
1
0.99
0.5
0.6
0.75
0.1
1.17
1.52
0.74
0.1
-0.2
1.53
-0.3
0.99
-0.3
0.47
0.8
-0.2
1.01
0
2.3
0.77
0.81
0.5
0.9
0.8
0.8
0.89
0.92
1.21
1.1
1.12
1.37
1.67
0.52
0.96
1.68
0.77
1.31
0.99
1.16
0.68
1.77
1.54
1.16
0.25
1.45
1.76
0.58
1.16
2.24
2.57
0.8
0.58
0.49
1.63
0.9
1.95
1.03
0.36
0.53
0.68
0.55
0.76
0.92
0.77
1.16
1.43
1.59
1.82
0.54
2.02
0.34
0.65
0.85
0.43
1.29
0.29
1.04
1.8
0.19
1.42
0.88
1.1
0.74
0.6
0.9
0.67
0.91
1.14
0.03
0.45
0.71
0.8
2
1.27
1.41
1.38
0.39
1.07
0.29
0.54
0.68
1.45
0.23
0.39
-0.34
0.67
1.1
0.6
1.26
0.69
2.09
1.81
0.96
0.88
0.54
0.91
1.16
0.52
0.01
0.32
0.65
0.9
1.61
1.03
1.03
1.01
0.97
1.35
1.05
1.65
0.02
0.86
0.89
1.77
2.05
0.19
1.1
1.65
0.9
0.73
0.74
0.76
1.1
0.99
1.98
0.4
0.66
1.72
0.59
1.2
0.78
-0.06
1.01
1.35
0.97
0.88
1.47
0.98
0.78
0.16
2.62
1.43
1.1
-0.05
0.28
0.28
0.38
1.46
1.32
1
0.66
0.49
0.68
-0.5
1.21
1.12
0.8
0.78
0.96
0.62
0.48
2.11
1.67
0.96
1.64
1.66
0.81
1.15
0.48
0.73
0.84
4.29
1.05
0.18
1.7
1.15
1.34
0.11
0.53
0.72
0.11
1.17
2.62
1.18
1.2
0.43
0.59
0.58
0.61
0.26
1.02
0.07
0.14
0.65
1.15
2.34
1.51
1.2
1.26
0.84
1.08
1.2
0.35
0.2
0.66
1.54
2.66
1.3
1.76
0.66
1.88
1.15
0.5
0.7
0.9
0.01
1.59
0.83
0.87
0.75
0.31
0.62
0.69
1.03
1.13
1.11
0.42
0.12
0.96
2.14
1.05
1.53
0.92
1.08
0.59
1.2
1.69
0.58
1.54
1.09
0.11
1.59
1.5
0.68
1.13
0.76
0.92
1.28
1
1.3
1.08
1.2
1.42
0.52
0.95
0.57
0.39
0.55
1.16
0.97
0.52
3.61
1.87
0.68
0.85
0.55
1.47
0.89
1.47
1.14
0.97
0.4
0.71
0.9
0.8
1.4
0.81
1.99
1.18
0.9
1.72
0.91
0.92
0.89
1.13
0.75
0.24
0.72
1.3
0.4
0.85
1.6
1.54
1.47
1.54
-0.18
0.21
0.78
0.22
0.46
1.49
-0.02
0.7
1.08
0.92
1.13
0.63
3.56
2.23
2.26
0.96
1.02
0.4
1.32
1.93
0.2
0.77
0.95
0.41
1.15
1.06
1.3
0.86
1.67
1
1.17
0.53
0.15
1.41
1.58
0.26
0.55
1.03
0.8
0.77
0.78
2.08
2.19
0.21
0.76
1
1.38
0.27
1.2
1.34
0.23
0.66
0.86
1.14
0.76
0.84
0.88
0.89
3.46
0.8
0.56
0.6
0.82
0.77
0.56
-0.3
1.3
0.44
-0.2
1.09
1.06
-0.3
0.99
2.11
2.26
0.52
1.05
0.77
0.54
0.49
1.14
1.16
2.19
1.13
1.68
0.8
2.03
0.75
0.88
1.09
0.55
-0.1
0.89
1.29
2.2
0.5
1.07
1.26
2.8
0.85
1.19
2.66
0.49
0.49
0.56
0.85
1.74
2.75
0.56
0.85
1.61
1.74
0.62
0.37
0.97
1
0.75
-0.5
-0.1
2.16
2.3
1.86
2.31
0.3
1.61
1.69
1.21
0.6
1.12
0.8
1
0.94
1.8
0.79
0.66
0.55
0.38
0
-0.1
0.79
1.16
1.57
0.52
1.21
0.57
1.56
1.24
0.9
1.25
0.55
1.66
1.26
0.51
1.92
0.22
0.75
0.8
1.53
0.73
1.95
1.21
1.47
1.21
1
0.98
0.34
1.34
1.07
0.9
1
0.29
0.42
1.4
1.92
0.61
2.85
0.92
1.04
1.45
1.09
1.1
1.83
1
0.9
0.65
0.6
1.17
0
1.64
0.88
0.64
1.45
2.19
2
0.7
0.44
1.1
1.1
0.48
1.1
-0.1
0.4
0.92
1.52
0.68
1.84
0.76
1.63
0.67
1.71
1.77
1.14
0.6
0.79
1.06
1.22
0.7
1.23
1.56
1.08
0.57
0.6
0.56
-0.4
0.93
0.94
0.1
0.6
0.54
0.89
1.12
0.97
0.54
0.63
1.35
1.35
0.55
1.33
0.18
1.35
1.15
1.87
0.3
1.02
1.12
1.29
1.12
1.71
1.5
0.36
1.03
0.86
1.28
0.58
1.1
0.34
1.18
1.57
2.31
0.44
1.13
-0.5
1.72
0.56
0.88
-0.35
0.67
1.37
0.3
0.44
1.65
0.8
1.11
0.69
0.56
2.86
0.5
0.75
1.26
0.91
1.5
1.4
0.67
0.74
1.58
0.82
0.62
0.74
0.75
1.09
1.19
1.11
1
1.28
0.45
0.95
-0.13
0.72
0.76
1.4
1
0.91
1.05
0.27
1.27
0.87
0.84
0.99
0.88
1.18
1.36
0.23
0.64
1.03
1.4
1.19
0.7
0.1
0.72
0.88
1
0.9
0.5
1.59
0.95
0.6
0.66
1.22
1.86
0.55
0.96
1.68
0.8
0.82
0.77
0.87
0.22
0.91
1.79
0.88
0.89
1.06
0.36
1.02
1.34
1.58
1.39
1.25
1.14
1.09
1.29
1.31
1.08
1.08
0.72
0.1
1.15
1.06
2.49
0.59
1.98
2.25
0.97
1.2
1.47
1.21
1.57
1.31
1.24
0.4
0.74
0.44
1.16
2.45
1.41
1.08
1.52
1.67
1.4
1.45
0.91
1.03
1
1.3
0.55
1.19
0.56
1.32
2.33
1.25
0.71
1.01
1.33
1.1
0.36
1.64
2.41
0.76
0.7
0.7
0.56
3.04
1.53
0.26
0.82
1.23
1.01
1.03
1.54
1.49
0.19
0.54
0.42
1.25
0.83
0.3
0.4
0.66
0.78
0.15
0.74
1.21
2.13
1.68
1.06
2.56
1.68
0.29
1.12
1.15
0.75
0.82
-0.09
0.82
1.1
1.32
1.59
0.02
2.02
1.77
0.63
0.55
0.88
-0.05
0.6
1.9
1.07
-0.18
0.32
0.94
0.61
0.55
0.66
0
1.05
1.97
1
0.92
1.01
2.28
1.22
0.84
1.1
0.75
0.03
1.4
0.85
0.5
0.4
0.16
0.66
0.7
0.36
0.83
0.95
1.49
1.2
0.87
0.56
0.9
0.81
1.64
0.74
1.51
1.04
0.95
0.34
0.84
0.61
0.91
0.85
0.81
1.44
0.73
0.8
1.26
0.49
1.7
0.77
1.64
0.98
0.38
1.4
0.94
-0.2
1.04
0.91
1.75
0.67
0.28
0.65
0.3
1.22
0.87
0.64
0.83
1.08
1.1
2.17
1.4
0.92
1.49
0.7
1.05
0.02
1.42
1.06
1.42
0.82
0.29
1.63
1.43
0.57
1.06
0.83
0.48
1
0.87
1.64
1.56
0.81
0.7
1.03
1.33
0.53
0.53
0.82
0.89
0.6
0.55
1.47
0.94
2.01
2.64
1.17
0.62
0.59
0.13
1.26
0.2
1.39
0.77
0.68
-0.1
0.1
0.68
1.47
1.15
0.35
0.27
0.89
1.6
1.18
0.33
0.77
1.74
0.84
-0.4
0.52
0.77
0.78
0.58
1.04
0.47
0.65
0.1
0.6
1.08
1.16
0.91
1.19
0.76
0.56
0.97
0.89
2.75
0.19
1.45
0.67
1.11
0.71
0.7
1.28
0.8
0.69
1.09
1.63
1.94
0.23
0.74
1.51
0.51
1.57
0.46
1.85
1.38
1.06
1.25
1.25
1.96
1.9
1.28
1.16
0.11
0.87
2.18
0.68
0.69
1.1
1.73
0.65
0.6
1.29
1.45
0.69
0.26
1.26
0.72
1.55
0.41
0.98
-0.2
1.16
0.74
1.31
0.49
0.32
1.34
0.68
1.18
2.23
0.8
0.95
0.63
0.45
2.16
3.51
0.75
1.13
1.2
0.66
0.87
0.79
1.27
0.52
1.9
1.05
1.41
2.97
0.3
0.16
0.48
0.32
0.38
0.8
0.29
0.56
0.69
1.44
0.79
1.2
0.83
0.35
0.95
1.02
1
0.77
0.2
1.66
1.02
1.2
0.8
0.48
0.94
0.91
1
0.8
1.35
1.25
0.84
1.35
0.69
0.77
0.88
0.64
1.57
1.29
0.56
0.72
0.78
0.8
1.15
0.75
1.13
1.16
1.48
0.57
1.1
1.08
1.41
1.16
0.61
0.47
1.36
1.15
0.5
0.74
0.92
0.31
1.24
0.63
1.06
0.93
1.27
0.82
1.44
0.42
0.6
0.22
1.41
0.9
1.34
0.58
1.24
0.54
1.07
1.59
0.1
0.09
0.68
2.2
2.1
1.31
1.01
1.68
0.49
1.9
0.48
1.26
1.47
0.9
1.72
0.2
0.65
1.06
0.04
1.09
-0.08
0.45
1.42
0.6
0.86
0.37
1.05
0.6
0.59
0.69
1.4
1.41
1.1
1.35
2.23
1.01
0.17
1.37
0.79
1.01
-0.3
1.48
0.66
1.04
1.07
1.47
1.09
0.02
0.82
0.8
1.15
0.61
0.54
0.46
0.1
0.74
1.18
0.07
0.45
0.73
1.74
0.5
0.66
0.58
-0.04
0.33
0.88
0.99
2.72
0.65
1.56
0.59
1.34
0.9
0.86
0.74
0.57
0.53
0.2
0.33
0.37
1.44
0.46
0.5
1.35
1.01
0.97
0.83
0.14
1.25
0.7
0.51
0.9
0.78
1.18
0.56
0
1.11
0.75
0.57
-0.21
0.1
1.25
0.55
1.09
1.91
0.47
0.64
0.84
0.96
1.4
0.34
0.67
1.23
2.09
1.06
1.98
1.16
1.62
0.78
0.25
0.33
0.6
0.34
0.34
1.14
0.51
-0.06
1.32
0.61
0.31
1.66
0.24
0.28
0.6
1.7
0.82
0.75
0.29
0.32
0.7
-0.4
0.86
1.51
1.05
0.03
1.43
1.46
0
0.81
1.9
1.03
1.12
1
1.53
1.68
0.95
0.63
1.2
-0.32
2.16
1.14
0.4
0.57
0.58
2.06
0.48
2.34
0.54
0.8
1.46
2.24
0.61
0.84
0.7
2.02
-0.1
0.2
1.51
0.35
1.59
1.7
0.55
0.65
0.44
0.31
1.21
1.51
1.44
0.45
0.87
0.88
1.21
0.34
0.8
1.94
0.6
0.78
0.6
1.22
0.82
0.56
0.43
0.57
3.35
1.61
2.35
1.67
0.86
0.71
0.5
0.59
0.81
0.37
1.3
1.05
1.09
1.25
0.79
1.12
1.69
1.94
1.05
1.29
0.4
0.57
1.27
0.66
0.93
0.16
2.06
2.99
0.79
1.04
0.65
2.06
0.89
1.5
0.36
1.87
1.85
1.75
1.13
0.95
1
1
0.5
1.06
1.11
1.2
0.3
1.19
0.26
1.38
0.68
2.29
1.21
1.13
0.74
0.7
0.71
0.87
0.79
0.62
2.38
0.93
1.5
0.92
0.94
1.39
0.93
0.85
0.21
1.42
1.12
0.48
0.71
0.59
0.51
0.85
0.99
0.48
0.44
1.37
1.25
0.95
0.13
1.2
0.48
1.4
0.7
0.56
0.91
0.73
0.59
0.96
1.45
0.82
0.67
0.88
0.74
1.6
1
0.31
0.75
0.82
0.53
0.66
-0.1
0.64
1.28
-0.3
0
0.79
1.24
2.1
0.88
0.6
0.72
1.07
0.5
1.62
1.22
0.9
0.2
0.58
1.61
1.42
0.25
0.52
0.95
0.45
1.28
0.44
0.1
0.65
0.29
0.34
0.78
0.77
0.91
2.1
0.62
0.77
0.91
0.92
0.86
0.05
0.52
0.59
0.45
0.7
0.39
0.59
0.99
1.13
0.93
0.78
0.7
1.05
0.99
1.21
0.53
0.67
0.3
0.73
0.25
0.78
0.9
1.86
0.82
1.63
0.71
1.08
1.37
0.76
1.19
0.5
0.2
0.24
1.08
0.58
0.4
0.95
1.51
0.6
-0.24
-0.23
0.5
0.78
1.21
0.95
0.6
1.43
0.9
0.81
0.56
2.19
0.88
0.88
0.97
1.22
2.92
0.57
0.74
-0.3
0.57
1.38
1.5
1.27
0.6
1.21
0.97
1.01
0.77
1.05
-0.2
1.97
1.1
1.54
1.7
1.89
1.13
1.11
1.72
0.98
2.3
1.29
1.18
1.6
0.88
0.73
1.26
1.07
1.11
0.48
1.84
1.19
1.58
2.98
1.77
0.93
1.56
0.95
0.36
0.75
0.7
0.37
0.92
2.22
0.36
0.51
1.13
0.5
1.14
2.06
0.97
0.27
1.84
0.64
0.5
1.2
0.98
0.4
0.84
0.8
1.19
1.19
1.37
1.16
0.8
0.87
1.04
1.53
0.4
0.74
0.52
0.48
0.25
0.93
2
0.93
0.78
0.74
0.86
0.78
0.85
0.85
1.24
0.6
0.97
0.87
0.78
0.62
1.19
1.23
0.96
1.22
0.51
1.33
1.11
0.61
0.9
0.92
2.01
1.8
0.57
0.9
1.03
1.1
0.56
0.83
1.52
1.1
1.49
1.18
1.73
0.94
0.58
1.93
0.73
1.6
1.01
1.48
-0.2
0.76
-0.1
2.2
1
2.92
0.02
0.2
0.63
1.14
0
1.86
0.77
1.04
0.95
0.52
0.5
-0.03
0.5
0.7
1.13
0.6
0.8
1.64
1.1
0.43
1.11
0.54
0.18
0.9
2.74
1.57
1.27
1.88
0.94
1.94
0.92
1.04
0.83
1.47
1.23
1.35
1.35
0.73
0.33
1.3
0.31
1.07
0.76
1.3
-0.3
1.12
0.97
0.51
0.35
0.96
1.32
1.24
0.1
0.6
1.57
1.17
1.36
1.43
1.19
0.79
0.07
0.6
1.02
1.73
1.4
1.35
1.38
0.82
0.7
1.54
1.7
0.6
2.1
0.77
2.09
0.84
0.52
1.1
0.42
0.7
0.79
0.78
1.91
2.33
0.96
1.5
0.49
0.62
1.71
0.92
0.59
1.37
0.96
0.88
0.23
0.88
1.49
0.84
0.96
0.16
0.76
0.1
0.65
0.8
0.48
0.9
1.83
2.26
0.88
1.02
0.65
1.7
1.56
1.75
1.82
0.6
0.93
2.08
0.76
0.56
1.38
0.88
2.85
1.49
1.24
1.65
1.24
0.96
1.02
0.3
0.84
1.53
0.1
0.75
1.3
0.87
1.07
1.13
0.98
1.04
0.86
0.96
0.8
1.03
0.88
0.22
1.4
0.72
1.21
2.2
1.02
0.62
1.39
2.7
0.91
2.06
0.91
1.88
1.22
1.1
1.04
1.12
2.63
0.9
0.36
1.45
0.66
1.01
-0.3
0.8
1.09
0.38
0.72
2
1.26
0.88
1.4
1.25
0.28
0.73
1.62
0.34
1.05
0.35
0.81
2.09
0.76
0.71
1.06
1.14
0.3
1.69
0.92
0.7
1.15
1.02
0.81
0.97
1.45
0.7
1.51
0.84
2.56
0.79
0.64
0
-0.2
0.81
0.84
2.15
0.97
1.26
1.16
0.87
1.52
0.82
0.61
1
1.38
1
1.26
0.5
0.68
1.28
1.45
0.76
0.97
1.5
0.67
0.73
1.58
0.18
0.23
0.86
1.14
1.68
1.58
2.1
1.37
3.07
1.1
1.6
2.07
1.39
1.04
0.69
0.42
0.78
0.88
0.28
1.25
0.98
0.38
2.87
1.05
1.02
0.37
1.49
0.84
0.76
0.9
3.22
0.9
0.6
1.66
0.72
1.47
0.7
0.6
0.7
0.51
1.09
0.88
2.34
1.73
0.54
1.04
1.01
0.45
0.9
1.4
0.73
1.09
1.28
0.81
1.25
1.35
0.7
0.4
1.41
2.23
0.32
1.15
0.8
1.26
2.82
0.91
0.53
1.67
1.5
1.14
1.1
1.31
1.01
1.56
2.27
0.2
2.48
0.98
0.99
0.86
1.04
1.94
0.85
0.79
1.7
1.5
1.1
1.36
1.55
0.68
2.35
1.13
2.2
0.77
0.22
0.68
0.87
0.91
0.78
0.77
0.91
1.16
0.53
0.51
1.04
1.32
0.28
0.82
-0.08
0.62
1
0.76
0.35
1.36
0.84
2.38
0.67
1.68
1.07
1
1.36
1.37
1.21
0.49
0.39
0.89
1.77
0
0.8
0.14
0.61
1.11
1.64
0.64
3.31
0.33
0.55
0.89
1.01
1.45
1
0.8
1.15
0.2
1.59
0.74
0.24
1.1
0.09
1.34
0.1
0.56
0.2
0.3
0.09
1.07
0.59
1.36
0.91
1.63
0.33
0.3
0.91
1
0.2
0.27
1.1
1.49
0.76
1.34
1.3
0.18
0.4
2.1
0.69
1.6
0.31
2.84
1.06
0.75
1.23
1.35
1.7
0.43
0.3
1.67
0.73
1.39
0.4
1.35
1.61
1.34
1.62
1.4
0.56
0.7
0.77
0.85
0.41
1.76
0.92
1.11
0.79
1.32
1.07
1.82
0.5
1.35
0.33
1.01
0.95
0.35
1.25
1.59
0.66
0.81
1.05
0.88
0.97
0.1
0.3
0.35
0.47
1.2
0.95
0.82
2.06
0.53
0.56
0.47
1.73
2.8
0.45
1.65
0.72
1.9
1.67
1.49
1.75
2.01
0.36
2.09
0.25
1.04
1.03
0.08
0.65
0.17
1.27
0.97
2.73
0.84
2.03
1.17
3.13
1.19
1.36
1.47
0.31
1.09
1.62
0.41
3.79
0.17
0.93
0.61
0.88
1.22
1.27
0.38
1.29
0.88
1.86
1.34
0.35
0.98
0.73
0.58
0.8
0.44
0.61
1.09
-0.02
-0.21
0.74
1.26
2.2
0.56
1.08
1.04
1.24
0.6
0.68
1.14
2.36
3.04
1
1.59
2.5
1.9
0.32
1.38
0.68
1.39
1.46
1.24
1.01
0.76
0.96
2.15
2.42
1.11
0.78
2.14
0.57
0.86
-0.21
0.48
1.01
2.04
0.96
1.51
1.27
0.79
1.34
1.13
0.3
0.69
1.01
0.48
0.9
0.97
0.33
1.21
1.92
1.15
0.89
1
1
0.25
1.1
0.23
1.2
0.82
0.95
0.9
-0.01
0.59
0.61
1.07
0.87
0.65
1.07
1.21
0.7
0.78
0.32
0.88
0.57
1.33
0.9
1.07
0.55
1.71
3.17
1.44
0.83
1.22
1.8
0.64
0.64
0.59
0.83
1.06
2.08
1.04
1.41
0.8
0.57
1.55
1.24
0.88
0.37
1.44
2.42
1.29
-0.1
0.25
1.1
1.39
0.91
0.69
0.8
1.21
1.04
0.94
0
0.98
0.1
0.94
1.66
0.95
0.2
0.75
0.9
1.58
0.18
0.54
1.38
2.16
1.47
-0.1
0.87
1.3
0.66
2.21
1.26
0.8
0.14
0.86
1.42
0.34
1.7
0.28
1.6
1.3
0.74
0.9
1.12
1.17
1.43
0.72
1.84
1.3
0.32
0.49
0.94
0.95
0.8
0.76
0.63
1.08
1
2.5
1.07
0.97
0.98
0.96
1.59
1.26
0.11
0.5
1.63
0.92
0.94
0.65
0.79
1.43
0.89
1.16
1.3
0.31
0.56
1.12
0.08
0.76
0.03
0.27
0.12
0.72
0.4
0.31
0.83
0.91
0.4
2
2.08
1.02
1.71
0.53
1.28
1.14
0.12
1.61
1.7
0.84
0.84
2.12
0.9
-0.08
0.88
0.89
1.28
1.43
0.52
0.98
1.96
1.1
1.65
0.57
-0.03
0.17
1.36
1.26
0.98
0.69
0.87
0.69
1.05
2.12
1.22
0.73
0.65
1.3
0.88
1.56
1.29
0.29
-0.2
-0.13
0.84
0.8
0.83
-0.36
0.67
0.87
1.69
0.63
-0.51
0.48
0.89
0.66
1.39
1.16
0.37
0.08
1.34
1.67
1.43
0.74
0.5
1.51
0.65
1.29
1.14
0.84
1.04
1.23
0.53
1.47
0.84
0.4
1.94
1.18
1.09
0.82
1.49
0.85
1.76
1.34
0.33
2.5
1.26
1.19
1.76
1.03
0.31
1.16
-0.36
2.04
1.23
1.4
0.46
1.14
0.1
1.49
1.69
1.9
0.66
0.91
0.43
0.99
0.41
0.14
1.85
0.67
1.25
0.55
0.87
0.5
1.51
1.23
0.86
0.87
1.44
1.5
0.5
0.45
1.61
0.3
0.3
1
0.3
0
1.89
0.46
0.46
0.85
0.06
0.1
0.62
0.8
0.89
1.76
0
0.53
0.65
0.89
1.12
1.34
0.99
1.15
1.27
1.05
0.7
0.8
0.3
0.29
0.01
0.88
1.1
1.67
0.94
0.87
0.83
0.93
0.65
1.11
0.67
0.44
1.3
1.49
2.06
-0.2
0.32
1.47
0.17
-0.3
0.62
-0.02
0.96
-0.26
2.4
1.25
0.93
0.47
0.89
0.94
1.33
0.76
0.87
1.9
0.73
-0.23
0.26
0.96
1.36
2.55
1.3
0.98
0.3
1.01
0.55
1.05
1.17
0.86
1.3
0.72
2.03
0.84
1.38
1.42
0.53
0.46
0.61
1
0.19
0.64
0.81
3.3
1.76
0.75
1.04
1.27
0.84
1.8
1.33
0.79
-0.03
0.58
1.55
1.31
0.93
1.13
1.76
0.6
0.96
0.7
1.45
0.89
1.13
0.49
1.06
0.74
0.66
0.71
1.1
1.08
2.47
2.46
1.49
0.79
0.92
0.69
2.07
0.51
1.4
1.22
1.97
1
0.73
0.5
1.4
0.8
0.7
1.27
0.78
1.57
0.74
0.88
2.5
0.89
0.85
1.1
1.09
1.91
0.79
0.64
0.2
0.66
1.56
0.54
0.64
0.75
1.02
0.67
0.63
1.57
1
1.57
0.32
1.83
0.74
0.8
0.91
1.44
0.78
1.32
1.1
1.27
1.09
0.23
0.56
0.86
1.19
0.91
0.86
0.61
0.54
1.35
0.72
1.37
0.86
0.77
1.61
1.67
1.79
1.3
1.66
1.36
1.35
1.84
2.3
0.66
1.36
0.88
0.92
1.1
1
1
1.5
1.18
1.3
2.51
0.3
0.7
0.8
1.62
0.97
0.89
1.25
0.8
0.81
1.25
0.68
2.11
0.85
1.3
1.35
0.8
1.69
0.72
1.4
1.2
1.76
1.5
1.33
0.36
1.57
0.49
2.1
1.06
0.48
0.55
0.89
1.08
-0.03
1.9
0.83
0.74
1.8
1.1
0.98
1.5
1.6
0.8
0.84
0.82
0.42
1.37
0.77
0.72
0.9
1.22
1.2
1.37
1.36
0.73
0.17
1.18
0.9
0.9
1.89
0.76
1.5
1.2
1.29
1.42
0.74
1.08
0.6
0.7
1.37
0.5
0.29
0.65
0.7
0.69
0.93
1.09
0.03
0.36
0.51
0.81
0.63
1.25
0.8
1.12
1.22
0.36
1.2
0.57
1.1
0.19
0.8
0.68
2.23
0.74
2.76
1.27
2.31
1.45
1.5
2.04
1.01
0.52
1.23
1.27
0.54
0.78
0.4
0.35
1.72
0.74
0.91
1.06
0.58
1.11
0.55
0.7
1.05
0.87
0.37
0.8
1.74
1.3
0.93
1.55
0.74
0.59
0.52
1.03
1.08
1.47
1.22
1.85
1.69
1.82
1.66
0.13
0.96
1.2
0.49
2.8
1.4
1.13
1.39
1.76
0.95
0.89
0.8
0.99
0.67
0.88
1.01
0.78
1.73
0.75
0.95
0.82
0.75
0.47
0.52
2.2
0.75
0.6
0.93
0.8
0.8
1.2
0.7
1.26
0.01
0.79
2.37
0.54
0.56
1.57
0.72
0.53
0.79
2.14
0.96
1.24
0.96
0.97
0.63
0.95
1.06
1.2
0.74
0.69
0.3
0.89
1.47
1.06
0.27
1.05
0.61
2.14
0.87
1.14
0.76
0.98
1.1
1.04
0.2
0.74
0.05
0.43
1.39
1.5
0.7
1.16
0.56
1.03
0.86
0.8
1.44
1.2
1.09
0.82
1.21
0.89
1.38
0.4
0.78
1.93
1.52
2.15
1.26
0.89
0.21
1.5
1.72
1.22
0.5
0.22
1.31
2.09
0.8
0.3
0.34
0.7
0.84
1.15
-0.1
0.4
0.94
0.62
0.97
1.07
0.86
0.81
1.11
0.91
1.13
1.17
1.3
0.35
0.67
0.6
1.2
1.99
1.16
0
0.8
0.39
2.07
2.01
1.16
1.4
0.99
2.17
0.3
1.64
1.06
1.98
0.71
0.91
0.78
1.08
0.91
1.67
0.5
0.21
0.5
1
-0.06
1.12
2.12
1.13
1.25
-0.01
1.9
1.73
1.29
1.34
1.96
1.08
1.17
2.7
1.3
1.09
1.72
0.63
1.7
2.1
0.16
0.8
1.27
1.11
0.68
0.58
2.33
0.91
1.21
1.09
0.6
1.6
1.05
0.9
1.03
1.53
1.06
1.52
0.8
1.24
0.88
0.48
1.29
0.35
0.96
0.82
1.23
0.63
1.94
0.68
0.83
0.88
0.88
1.14
1.46
1.76
1.19
0.76
0.75
1.05
1.44
2.14
0.62
1.14
0.35
0.59
1.41
1.24
0.94
1.94
0.87
1.02
0.88
0.9
2.32
1.42
1.17
1.35
1.36
1.59
1.35
2.02
1.34
1.57
0.96
1.37
1.68
1.98
2.24
1.53
1.42
2.23
2.66
-0.07
1.97
0.86
0.69
-0.4
0.4
0.1
1.44
1.06
1.6
0.8
0.5
1.03
-0.1
0.7
0.84
0.29
0.74
2.05
0.7
1.1
1.41
1.13
1.2
1.03
0.72
1.56
0.5
0.82
0.57
0.87
1.1
1.68
0.98
1.21
0.99
1.53
1.38
1.12
1.34
-0.4
1.03
0.19
1.33
0.94
0.71
0.27
1.19
0.11
1
1
1.08
1.84
1.01
0.4
0.73
0.06
1.17
0.6
0.87
1.07
0.6
1.99
0.73
1.68
-0.3
1.24
1.21
0.92
0.86
1.01
1
0.9
1.34
1.4
1.19
2.09
0.59
0.84
1.6
0.9
1.11
0.8
0.46
1
2.6
0.77
1.17
0.7
0.97
1
0.93
1.13
0.34
1.16
1.01
1.1
0.88
1.57
1.16
1.07
1.18
1.9
1.29
1.11
1.77
1.05
0.63
0.2
1.09
1.2
1.18
0.99
1.6
0.85
1.06
0.65
1
1.06
1.18
1.72
1
1.12
-0.1
0.5
1
0.84
3.72
1
2.09
0.93
0.94
0.8
1.2
0.7
1.2
0.35
1.25
1.07
3.5
1.09
1.2
0.93
0.85
2.69
1.22
0.73
1
1.2
1.05
1.43
0.7
0.83
0.81
2.16
1.49
1.5
0.3
0.97
1.52
1.4
1.1
1.29
1.46
0.9
0.83
1.22
1.26
1.62
0.68
1.2
0.93
1.27
1.29
0.76
1.01
1.21
1.1
1.19
1.47
1.25
0.58
0.1
0.62
0
0.26
0.82
-0.3
1.05
1
1.48
0.51
0.2
1.57
0.81
0.07
1.08
1.09
0.75
-0.1
0.02
0.82
0.52
0.37
2.18
0.41
2.16
0.88
0.73
1.17
1.43
0.83
1.23
0.78
0.4
0.33
1.04
1.01
1.05
0.92
0.57
1.67
0.83
0.33
1.13
0.59
1.16
0.88
0.64
0.49
1.13
0.71
0.6
2.12
1.02
1.33
1.54
2.22
1.13
0.81
0.3
0.79
1.8
1.17
2.21
1.23
1.02
-0.4
0.76
1.49
0.99
0.82
3.05
0.8
0.8
-0.06
0.66
0.77
2.64
0.31
0.9
0.2
0.1
0.55
0.76
0.9
1.25
0.63
0.3
0.96
1.93
0.83
0.59
1.46
1.54
0.31
1
0.86
1.84
2.04
2.33
1.31
1.89
1.81
0.31
1.58
1.25
1.4
1.16
1.6
0.87
1.89
1.33
1
1.18
1
1
2.2
0.96
1.43
1.5
0.73
0.45
1.25
1.7
0.67
0.92
0.89
0.7
1.14
1.4
0.89
1.21
1.01
0.68
1
1.6
2.8
1.07
1.69
0.71
1.29
1.17
1.74
2.21
1.14
1.38
1.44
1.01
0.8
1.18
0.56
1.64
2.02
0.67
1.26
0.5
1.61
1
1.1
1.61
1.52
1.1
1.17
1.31
0.73
1.81
1.43
1.84
3.02
0.64
1.19
1.19
1.14
0.82
1.16
0.67
0.34
0.83
0.6
0.34
1.51
0.82
0.58
0.85
0.67
0.83
1.79
1.2
1.49
1.1
1.2
1.02
1.2
0.37
1.4
0.43
0.93
0.49
2.31
0.96
1.2
1.06
1.37
1.54
0.53
1.1
0.3
1.56
0.93
1.56
1.19
0.7
0.9
0.96
0.63
0.98
0.57
1.23
1.03
1.74
1.8
1.6
1.93
0.94
0.7
1.86
0.8
0.8
1.15
0.7
1.6
1.3
2.1
1.2
1.28
2.8
0.7
1.19
1.1
0.9
1.71
3.1
1.66
1.8
0.8
1.31
0.95
0.65
0.54
1.13
1.69
0.74
2.09
1.04
0.66
1.03
0.25
0.77
1.41
0.75
0
1.46
1.8
0.55
0.81
0.14
0.25
0.81
0.98
0.93
2.09
2.2
0.57
0.95
0.86
1
0.37
0.9
1.03
1.24
1.2
0.92
1.13
1.1
1.09
0.55
1.26
1.4
0.95
0.84
0.6
0.3
1.09
0.96
0.14
1.02
1.32
1.01
0.95
2.13
0.77
0.27
1.88
1.13
0.39
1.04
1.85
1.72
-0.1
0.75
0.19
1.4
0.78
1.3
0.96
1.23
0.71
0.76
1.3
0.86
0.6
1.18
0.07
1.57
0.71
1.53
1.68
2.15
0.89
0.81
1.95
0.4
1.05
-0.14
1.18
0.75
1.57
0.81
0.84
0.63
0.97
2.5
0.83
1.65
0.75
0.8
0.57
1.25
1.59
1.14
0.9
0.9
1.27
1.12
1.42
0.31
2.02
0.5
-0.4
1.13
1.8
1.47
1.51
0.36
-0.27
0.36
2.13
0.69
0.55
1.5
1.26
1.68
1.07
2.5
1.13
3.59
1.91
1.07
1.92
1.11
1.39
2.03
0.64
1.3
1.35
0.66
1.24
0.55
0.99
0.55
0.82
1.42
1
0.97
0.22
1
1.42
0.69
3.06
2.07
-0.1
1.78
0.99
0.85
2.11
1.67
0.88
0.73
1.06
1.16
0.92
0.38
0.31
0.12
1.04
0.97
1.06
0.58
1.4
0.37
1.02
1.13
1.32
0.96
1.32
0.56
1.3
0.8
1.1
0.54
1.13
0.91
1.08
0.13
0.92
1.58
1.04
1.34
0.58
1.21
1.1
0.35
0.8
0.56
0.6
0.8
1.05
1.51
1.15
0.36
1.36
1.85
1.67
1.67
0.67
0.58
0.58
0.4
0.57
2.1
1.44
1.88
1.5
1.3
0.5
1.25
1.9
1.1
1.7
0.7
1.8
0.57
0.67
2.12
1.5
2.13
0.88
1.25
1.06
0.61
0.97
1.11
0.42
1.12
2.28
0.9
1.5
0.68
1.58
0.53
1.05
1.22
0.42
0.42
0.91
1.19
0
1.02
1.44
0.92
0.73
0.43
1.17
0.5
0.89
0.72
-0.2
0.4
2.94
1.46
0.49
1.09
2.08
0.74
2.08
0.81
1.43
0.76
0.5
0.4
0.81
0.8
1.05
1.15
0.22
0.87
0.3
0.1
1.39
0.92
1.31
0.8
0.36
2.2
1.4
0.6
0.63
0.39
0.97
0.81
2.6
0.88
0.91
0.59
1.59
2.62
1.12
-0.2
0.86
0.92
0.9
1.1
1.01
0.93
0.8
1.23
0.98
1.01
1.56
0.9
1.17
0.4
0.62
0.65
0.46
0.64
0.69
1.6
2.74
1.57
1.1
0.71
0.57
1.56
1.4
0.15
1.01
1.13
1.15
1.1
0.26
1.06
0.74
0.93
1.1
1.98
1.37
1.77
0.9
1.9
1.3
2.07
0.33
0.87
1.26
2.21
1.05
1.87
1.19
0.56
1.37
1.67
0.91
0.79
0.51
1.04
1.19
0.9
0.57
1.44
1.06
0.75
0.73
0.81
1.14
0.56
1.26
0.67
1.18
2.54
0.72
0.31
1.02
0.67
0.88
0.95
1.03
0.84
1.2
2.49
1.7
1.17
0.68
0.79
1.12
0.86
0.87
0.56
1.6
1.22
0.94
0.2
0.4
1.66
0.29
1.26
1.15
0.74
1.47
0.5
0.4
1.31
1.34
1.52
0.98
0.56
1.37
1.6
1.29
0.52
1.82
0.54
0.79
0.95
1.11
1.6
0.92
0.64
1.56
0.84
1.56
0.71
0.3
-0.1
0.39
1.14
0.9
0.94
0.4
1.2
2.45
1.87
2.71
0.64
1.27
0.97
0.99
0.57
0.81
0.82
0.94
0.52
1.38
0.66
1.4
0.53
1
0.1
1.33
0.1
0.76
0.99
0.02
0
0.78
1.18
1.28
2.25
1.27
1.19
1.27
1.33
1.31
0.74
1.56
0.51
0.57
1.15
1.44
1.6
0.95
1.22
0.63
2.09
0.8
0.47
0.68
2.1
0.3
0.24
0.95
0.53
0.42
1.73
0.84
0.26
0.8
1.5
2.04
0.33
1.69
1.16
1.1
1.23
0.93
0.61
1.93
0.85
0.81
0.82
1.21
1.4
2.43
1.21
0.99
1.79
1.14
1.63
1.62
0.5
1.1
1.52
1.41
0.64
1.24
0.89
0.6
0.69
1.13
1.16
0.67
1.3
1.7
1.28
1.32
2.58
0.56
1.37
-0.2
1
0.57
0.7
2.3
0.33
1.17
1.11
0.1
0.72
0.47
0.78
0.79
1.81
0.8
0.45
1.02
0.6
1.43
1.66
0.42
1.41
0.16
0.1
0.94
0.2
0.65
0.3
1.07
0.65
0.6
0.9
1.72
0.7
1.47
1.8
1.17
0.2
0.91
1.6
0.9
2.2
0.75
0
0.79
0.84
2
0.19
0.77
0.88
1
2
-0.4
1
0.55
0.13
2.4
0.8
1.08
0.5
1.24
1.24
1.16
1.46
2.55
0.21
2.64
0.6
0.6
-0.2
1
0.02
0.27
0.65
0.7
1.08
0.8
1.71
1.04
0.71
0.9
0.3
0.56
0.9
1.04
2.06
-0.3
0.5
0.56
0.6
0.79
0.66
1.65
2.03
0.6
1.16
2.59
0.9
0.94
0.8
1.1
0.62
0.57
1.67
0.9
0.69
0.79
1.9
1.07
1.47
1.1
1.3
0.3
0.56
0.59
1.1
1.5
1.34
1.5
0.71
0.73
0.7
0.74
0.41
0.86
0.78
0.2
0.41
1.18
0.7
0.95
0.91
0.91
1
0.8
1.77
1.64
1.38
0.56
0.38
0.42
1.2
0.8
0.96
0.92
0.97
1.01
0.85
1.4
0.9
1.17
1.4
1.1
0.91
1.31
0.26
0.4
1.87
1.3
1.75
1.05
2.39
0.56
1.6
0.83
0.64
0.74
0.55
1.5
0.1
0.6
0.8
0.15
0.79
0.9
1.4
0.44
1.2
0.7
2.11
0.6
1.02
0.6
1.15
0.95
0.61
3.2
3.48
0.31
0.89
0.67
2.4
0.87
1.64
0.77
1.36
1.31
1
2.13
0.72
0.87
0.74
1.3
0.92
0.3
0.69
1.2
1.66
1.46
1.1
0.53
0.76
0.6
1.6
1.33
1.23
0.81
0.58
1.34
0.75
1.41
1.15
0.81
0.71
1.02
0.72
0.38
1.31
1.85
1.3
0.42
0.26
0.35
0.51
1.31
0.49
2.7
2.35
0.63
0.98
0.78
1.08
0.56
0.55
1.32
0.74
0.59
1.4
1.17
0.39
1.79
0.2
0.95
0.6
1.1
0.87
0.4
0.97
0.79
0.3
1.23
1.37
0.5
1.56
0.74
1.99
0.35
1.8
0.73
1.23
0.57
0.17
0.39
0.8
1.18
1.29
0.21
1.24
0.7
1.22
0.63
0.33
0.84
0.4
0.92
-0.2
1.29
0.88
0.2
1.13
1.1
0.64
1.64
1
1.15
0.4
1.38
0.1
0.95
1.1
0.77
0.18
1.2
0.95
1.35
1.2
0.8
1.4
1.34
1.15
0.71
1.4
0.6
0.61
1.23
1
1.04
2.6
1.3
1.1
0.8
1
0.6
1.37
0.77
0.76
0.54
0.57
0.3
0.74
1.71
1.16
0.74
0.72
0.5
1.01
2.05
1.29
0.49
0.6
2.39
1.2
2.56
1.73
0.61
0.49
0.7
1.53
0.87
-0.03
1.28
0.85
0.8
1.3
1.25
1.2
0.47
-0.09
1.1
-0.2
0.8
1.4
0.2
0.5
1
0.27
0.96
1.52
0.78
1.28
1.1
1.48
0.36
1.03
2.01
0.98
1.12
0.99
0.74
0.27
0.5
0.33
1
0.95
1.45
1.64
0.5
0.9
0.5
1.49
1.78
2.33
0.6
1.4
1.51
0.73
0.9
1.3
0.75
0.6
0.6
0.1
0.51
1.26
0.57
1.51
1.67
1
1.19
1.6
1.3
1.4
1.73
0.7
2.04
0.7
1.1
0.72
1.14
1.57
1.11
0.7
2.03
0.77
2.64
0.86
2.73
0.39
1.2
1.74
0.62
1.03
3.17
0.85
0.88
0.93
1.21
1.16
1.39
1.96
0.79
1.27
0.98
0.87
0.88
0.85
1.2
0.95
1.81
0.03
1.26
1.13
3.19
1.12
1.3
1.59
0.57
1.1
1.49
0.27
2.9
1.18
0.78
0.63
0.54
0.37
0.3
-0.02
1.38
0.9
0.47
0.87
0.92
1.64
1.89
0.62
1.05
0.98
1.49
0.94
0.5
1.58
1.09
2.68
3.34
1.25
1.69
1.83
0.31
0.35
0.7
1.06
1.42
1.66
0.25
1.57
1.69
1.27
1.41
0.67
1.11
1.81
0.92
1.28
0.52
1.45
0
1.19
2.2
2.04
1.57
0.4
0.2
0.94
0.7
0.93
1.36
0.87
2.65
1.29
1.72
2.06
1.34
1.24
1.09
0.62
0.3
0.64
0.5
0.7
1.63
0.5
0.51
0.44
0.4
2.35
1.02
1.11
1.59
1.12
1.88
1.1
1.34
0.9
1.12
1.65
1.69
0.76
1.21
0.8
1.3
2.05
1.46
0.98
1.2
2.22
0.37
1.38
0.77
0.81
0.9
1.13
0.26
1.4
1.32
1.63
0.93
0.78
0.93
1.05
1.3
0.82
1.54
0.2
1.01
0.96
1.67
1.49
2.37
0.1
0.32
1.21
1
2.07
3.41
0.88
1.09
1.72
1.82
0.8
2.2
2.05
2
0.32
0.09
0.16
1.82
2.18
0.54
1.45
-0.28
0.61
2.96
1.1
1.65
0.94
0.9
0.6
0.64
1.41
1.84
0.39
0.97
1.79
-0.42
1.25
1.03
1.08
0.8
0.38
2.02
0.89
0.63
2.08
2.79
1.23
-0.3
1.15
0.81
0.99
0.8
1.11
0.52
0.58
1.04
1.27
1
0.2
1.04
0.1
1.1
0.52
1.62
1.5
1.32
2.49
0.89
2.1
0.92
0.67
0.48
0.17
0.08
1.09
1.1
1.34
0.82
1.2
0.92
2.29
0.73
1.2
-0.03
1.05
1.32
1.44
1.06
1.9
0.69
0.7
0.35
0.93
0.7
1.6
1.41
0.17
0.67
1.47
0.96
0.35
0.82
1.3
1.82
1.03
1.26
2.26
0.83
0.94
1.62
1.57
0.86
1.13
1.3
1.87
0.59
0.89
1.95
1.56
0.67
1.81
2.4
0.32
1.82
0.6
0.51
0.84
1.73
0.8
0.33
0.58
1.28
1
1.3
1.08
1.7
1.18
1.2
0.58
0.78
1.95
0.83
0.9
0.6
0.67
2.73
0.56
0.82
0.93
0.61
0.88
0.42
1.2
3.13
0.41
0.47
0.64
1.73
-0.3
0.36
1
0.55
0.3
0.3
-0.4
1.41
1.88
0.6
1.14
0.44
1.1
1.49
0.57
0.76
0.56
0.03
0.2
0.47
0.56
0.02
0.03
1.31
0.17
0.46
1.71
1.29
0.72
0.01
0.32
0.11
1.6
2.09
1.12
0.71
0.24
1.71
1.07
0.89
2.2
0.88
0.36
2.54
1.68
0.54
0.58
0.77
0.24
0.52
0.75
1.02
2.84
0.86
0.97
1.9
1.23
0.83
0.99
0.7
2.7
-0.2
0.7
0.1
0.87
1.2
1.57
1.22
1.76
1.01
1.03
1
1.92
1.81
0.37
1.21
-0.23
0.33
0.8
0.83
0.62
0.94
0.88
1.77
1.78
1.1
1.39
1.07
0.91
0.96
0.07
0.57
0.7
1.73
1.5
0.4
1.04
0.53
0.99
0.87
0.19
0.6
0.24
0.29
-0.01
0.55
1.25
0.57
0.7
1.87
1.17
0.7
0.94
0.22
1.02
0.87
1.06
2.17
0.14
1.34
0.87
0.34
-0.14
1.64
0.85
0.47
0.72
1.42
1.82
0.19
1.67
0.47
0.31
-0.03
0.05
0.6
0.57
0.8
1.9
1.5
0.72
0.86
1.82
1.37
2.1
0.69
1.92
0.85
0.77
0.23
0.54
0.89
0.94
1.51
0.37
1.94
0.94
0.78
0.65
0.27
0.88
0.73
0.61
0.66
0.86
1.51
0.39
0.34
0.35
0.33
0.23
1.01
0.24
0.08
0.03
0.28
0.22
0.53
0.47
0.33
1.15
0.41
0.83
1.31
0.62
0.85
-0.03
1.3
1.15
1.83
1.48
0.24
-0.07
0.37
0.7
0.8
0.35
0.61
1.59
2.15
0.83
-0.16
0.37
2.85
1.35
1.59
0.75
1.85
0.8
2.38
1.5
0.83
0.62
0.41
1.29
0.59
0.9
0.63
1.4
0.68
0.95
0.39
1.5
0.37
1.52
0.14
1.83
2.36
1.21
0.72
0.6
2.03
0.43
2.1
1.23
1.23
1.05
1.22
-0.1
1.07
2.49
0.39
-0.02
1.63
2.47
1.52
0.56
0.8
0.97
-0.1
-0.1
0.36
-0.4
0.94
2
0.89
0.83
0.73
1.51
0.63
1.51
1.24
0.88
0.76
1.73
0.85
1.36
1.72
0.32
1.14
0.56
2.21
0.92
1.22
0.68
0.88
0.56
0.7
1.52
1.29
1.77
1.3
2.07
0.81
1.63
0.84
0.31
0.4
0.98
0.6
1.6
1.98
1.04
1.38
0.92
0.19
1.02
1.4
0.3
0.2
0.77
0.3
-0.1
0.33
0.59
0.99
0.67
0.4
0.8
1.67
1.29
0.47
1.31
1.82
1.21
0.22
0.8
1.08
0.76
1.86
0.3
1.19
0.76
1.08
0.51
0.96
1.99
-0.13
1.34
0.58
3.34
1.9
1.5
0.64
2.39
0.63
0.78
0.77
0.83
0.97
1.31
0.98
1.51
-0.2
0.64
0.9
1.55
1.93
0.68
1.74
0.7
0.59
0.41
0.63
0.97
0.3
1.65
1.81
0.2
0.8
1.61
0.96
1.47
2.1
0.8
0.55
1.4
1.38
1.4
0.97
0.4
0.55
1.73
1.1
0.69
0.1
0.8
0.18
2.06
0.82
1.52
0.55
0.7
1.04
0.69
0.54
0.34
0.56
1.14
0.1
1.42
1
0.5
0.87
1.53
1.25
0.33
0.92
0.96
0.88
1.14
0.79
0.3
1.36
-0.1
1.38
0.85
0.78
1.9
1.5
2.37
0.1
0.1
1.06
0.25
1.05
1.5
3.62
0.67
0.76
1.37
0.61
1.08
0.27
1.81
0.2
0.3
0.71
0.77
1.46
1.25
1.74
0.86
0.56
1.13
1.79
1.25
0.89
1.54
0.65
1.2
-0.2
0.9
1.26
0.78
0.97
0.37
0.2
1.35
1.71
1.82
1.83
0.62
-0.1
1.02
1.27
1.46
1.83
0.8
1.37
1.5
1.42
1.7
-0.4
1.24
1.13
1.1
1.15
0.79
-0.06
0.56
1.26
0.86
1.16
1.02
1.01
1.06
1.18
1.44
1.48
1.07
1.57
2.57
1.33
0.35
1.01
1.4
1.19
1.18
0.51
0.56
1.23
1.19
0.95
1.23
1.3
1.44
0.96
2.07
0.83
1.34
3.41
1.52
0.4
1.28
1.38
1.86
1.08
3.53
1.71
1.61
0.63
1.39
1.15
-0.2
0.95
1.08
0.76
0.92
0.2
1.01
0.74
1.37
1.61
0.9
1
0.93
0.23
0.63
0.65
2.7
1.02
0.48
0.54
1.31
-0.07
0.43
0.2
2.34
0.55
0.56
-0.1
0.87
0.66
1.55
0.79
0.36
1.28
1.6
0.83
1.54
1.24
1.4
0.56
1.03
1.23
2.2
0.1
1.58
0.51
0.14
0.97
1.26
1.4
0.77
1.02
0.89
1.19
1.8
0.71
2.36
1.77
0.95
2.35
0.83
0.78
0.56
1.41
0
1.33
1.71
0.89
1.14
0.57
-0.1
1.24
0.07
1.75
0.75
0.8
1.3
0.13
1.73
1.33
0.72
0.15
1.3
1.5
2.72
1.36
1.1
0.34
0.73
0
1.22
1.22
1.47
1.45
1.03
0.84
0.66
1.29
0.43
1.01
0.86
1
0.47
0.68
0.25
1.51
0.89
0.77
0.9
1.48
0.46
0.57
1.21
0.2
0.54
0.93
1.13
1.29
1.34
1.74
0.6
1.15
0.57
1.11
1.93
1.47
0.73
1.8
0.94
0.9
0.21
1.42
0.86
0.7
0.28
0
0.74
0.78
0.9
1.28
-0.41
1.5
1.52
1.13
0.78
0.57
0.8
1.21
0.34
0.18
0.96
0
2.05
0.96
0.91
1.3
0.78
0.64
1.03
0.74
1.19
0.89
0.66
0.72
1.01
0.22
1.47
1
0.39
0.72
0.94
0.25
0.1
0.25
1.18
0.97
0.73
0.83
0.66
3.32
1.87
0.1
0.2
1.24
0.62
0.2
0.86
1.25
1.18
0.21
0.41
0.72
0.95
1.09
0.6
1.14
1.46
0.99
0.75
0.5
0.86
0.07
0.16
1.09
0.04
0.56
-0.1
0.13
0.19
1.37
0.86
1.43
0.76
1.28
0.92
0.13
1.02
-0.02
1.04
0.47
0.17
1.55
0.57
1.22
0.16
2.2
1.01
0.33
0.48
0.21
-0.12
1.13
0.4
1.03
0
0.44
1.25
0.79
0.76
0.18
1.07
0.95
0.66
2.19
0.86
0.56
0.21
0.73
0.91
1.58
0.99
0.4
1.06
1.37
0.7
0.41
0.1
0.99
0.74
0.83
0.88
0.75
0.95
0.8
0.82
0
1.48
1.07
0.32
0.5
0.76
1.05
-0.16
0.4
1.25
0.21
0.32
0.02
1.72
0.16
0.88
0.38
0.48
0.95
0.68
0.27
1.33
0.6
0.89
0.62
1.8
2
0.58
0.56
0.91
0.82
0.17
0.87
0.97
0.92
1.27
0.71
0.83
0.84
0.11
-0.07
0.56
0.73
0.26
0.1
0.97
1.3
0.49
1.05
0.93
0.73
0.84
0.7
2.08
1.69
0.72
0.58
0.13
0
0.67
0.76
1.13
0.17
0.13
0.78
0.73
0.55
0.71
0.34
0.72
0.57
0.51
1.08
1.96
0.7
0.26
0.36
1.4
1.98
0.86
1.9
0.79
0.43
0.58
1.29
0.37
0.58
0.68
1.61
0.08
1.55
0.86
0.98
0.2
0.47
0.4
0.88
1.2
0.9
1.74
1.77
1.3
1.92
1.7
0.58
0.26
0.24
0.17
0.38
1.44
0.04
2.3
0.84
-0.1
1.41
-0.3
-0.22
0.05
0.64
1.15
0.3
1.02
1.67
0.69
1.12
0.37
1.32
1.9
0.84
0.93
0.1
1.14
1.18
0.28
1.49
1.35
1.07
1.02
0.22
0.28
-0.24
-0.07
-0.5
1.59
0.38
1.35
0.82
0.61
0.86
0.88
0.56
1.09
1.01
1.69
0.65
0.9
0.75
0.64
2
1.4
0.56
0.78
0.82
1.92
1.99
0.89
1
1.26
1
1.04
1.73
1.91
0.75
-0.06
1.11
0.77
0.44
0.7
0.83
0.62
1.34
0.47
0.86
0.56
0.67
1.22
0.75
0.5
0.56
1
0.94
0.4
2.39
1.41
-0.32
1.11
1.5
0.98
0.7
0.97
2.06
0.32
-0.2
1.05
0.26
0.79
-0.09
0.93
1.48
1.56
0.2
0.92
1.1
0.77
-0.06
1.98
0.31
0.65
0.93
1.33
2.33
0.7
1.62
1.48
1.23
1.02
0.53
0.55
0.57
0.01
0.41
1.05
0.78
0.55
1.06
0.24
1.97
2.43
0.5
0.99
0.91
0.39
1.1
1.48
2.13
0.52
1.11
0.54
1.2
0.1
1.01
0.88
0.83
0.56
-0.1
0.97
0.33
0
0.79
-0.02
0.3
0.62
0.31
0.89
0.87
0.07
0.3
1.42
0.66
2.18
0.55
0.51
0.71
1.42
0.04
0.8
0.18
0.74
0.46
0.75
1.28
0.02
0.4
1
1.19
0.57
1.29
0.72
2.15
1.94
0.7
1.61
0.63
0.64
1.26
2.3
0.32
0.75
0.56
1.59
1.1
1.43
0.41
0.92
0.85
0.61
0.95
0.93
0.38
0.8
1.5
1.77
1.34
0.43
1.02
1.37
1.16
0.44
-0.4
-0.4
1.82
1.06
0.7
0.87
1.4
1.08
0.82
1.59
0.73
1
0.56
0.28
0.9
0.18
1.82
2.21
0.61
1.27
1.42
0.79
1.21
1.48
1.42
2.74
3.92
1.82
1.34
0.52
1.3
1.4
2
1.05
0.56
1.27
2.51
2.42
0.9
0.98
1.54
0.87
1.43
0.67
1.52
0.62
0.39
0.07
0.72
1.52
1.52
2.87
1.02
1.39
0.73
0.29
1.13
0.9
0.67
2.34
0.86
1.49
1.08
1.42
1.73
1.24
1.61
0.75
1.65
1
0.8
0.94
1.41
1.23
0.86
0.8
0.54
0.92
0.95
1.2
0.88
-0.2
1.35
1.35
0.66
0.41
0.87
1.47
0.96
0.7
0.9
0.6
1.14
2.34
1.09
1.26
1.9
0.9
1.88
0.76
1.52
1.23
1.41
1.3
0.93
0.9
1.25
1.59
1.98
1.72
0.76
0.67
0.89
0.69
1.65
1.22
1.38
0.9
1.42
0.43
1.46
1.53
1
1.18
0.89
0.71
0.27
0.18
0.86
0.51
1.56
1.5
0.83
0.73
1.43
1.63
0.69
1.15
0.41
0.39
1.2
0.89
1.97
1.55
1.4
1.72
1.11
1.23
0.63
1.12
1.77
0.8
1.73
0.6
0.74
0.44
1.21
0.56
0.81
1.38
0.9
1.36
1.46
1.1
0.79
2.73
1.98
0.32
0.16
0.56
0.2
0.26
2.34
1
1.01
0.74
0.84
1.25
0.63
1.91
0.95
0.31
1.2
1.93
0.78
0.61
1.32
0.4
1.84
0.19
0.47
0.58
0.6
0.31
0.48
0.93
0.56
0.82
0.92
1.1
1.52
1.37
0.95
1.6
0.6
1.43
0.77
0.98
1.3
1.57
1.09
0.39
0.7
0.93
1.61
0.98
0.59
0.72
0.25
1.2
1.13
1.01
0.07
1.34
0.87
0.6
0.09
0.67
1.46
1.14
0.79
0.4
0.89
0.87
0.97
-0.5
2.13
2.6
1.05
1.7
1.23
0.68
1.07
0.09
0.16
1.05
-0.2
0.47
1.03
-0.01
1.23
-0.3
1.23
1.31
0.9
0.75
1.44
1.53
0.47
1.3
0.39
0.39
0.52
1.69
0.18
1.24
1.02
1.1
0.91
1.75
0.35
1.14
1.71
1.38
1.54
1.38
1.51
0.74
-0.09
0.65
1.72
0.44
0.08
-0.3
0.97
0.04
1.05
1.05
0.8
0.9
0.17
1.15
0.42
0.62
0.4
2.93
0.5
0.95
0.63
1.1
0.97
1.91
0.96
-0.02
1.23
1.19
0.9
1.02
2.93
0.9
2.13
0.75
0.76
1.26
0.5
0.33
1.3
0.81
1
1
1.3
0.9
1
0.89
1.3
1
0.96
0.91
0.3
1.02
1.22
1.41
1.44
1.67
3.11
1.98
0.58
1.49
1.73
1.04
1.61
1.71
1.21
1.42
2.09
0.49
2.25
2.69
2.07
1.26
1.56
1.14
1.47
2.61
2.61
3.2
2.69
1.24
1.63
2.23
1.55
1.64
1.02
0.68
1.85
1.77
2.04
1.8
1.75
1.39
1.26
0.91
1.3
0.56
1.36
1.32
0.3
1.38
2.87
2.69
2.04
2.26
1.24
0.82
0.42
1.68
0.77
0.86
0.8
0.59
2.25
0.54
1.59
0.84
1.02
1.37
0.86
1.72
0.1
0.66
0.84
1.72
1.33
1.17
1.11
1.43
2.32
0.62
0.56
1.92
0.45
0.62
0.51
0.94
1.99
0.86
1.44
0.23
2.27
1.21
1.51
1.64
0.79
1.53
1.26
0.91
1.09
2.59
1.24
1.01
1.81
0.47
0.79
1.51
1.61
0.66
0.76
1.29
0.76
0.77
0.39
0.91
1.2
0.97
0.81
0.99
1.38
0.1
0.89
0.98
1.2
1.58
1.2
1.55
1.09
0.61
1.33
0.73
1.08
1.58
1.13
2.47
1.45
1.38
1.82
1.43
2.42
0.56
1.54
0.99
0.53
1.35
2.35
2.18
1.53
1.41
1.22
0.6
0.94
1.24
3.12
1.45
2.47
1.6
1.53
1.33
1.49
2.46
2.44
3.61
3.99
0.89
2.77
1.28
1.15
0.92
-0.2
1.26
0.95
1.8
2.47
1.13
2.82
0.78
0.62
0.9
0.69
0.78
1.38
0.28
0.68
1.23
1.11
1.17
1.31
1.07
0.7
1.26
1.27
2
1.3
1.05
1.2
0.45
1.85
2.09
0.74
0.71
1.55
1.32
0.47
1.81
1.08
0.98
0.9
1.44
1.47
1.28
1.03
1.14
1.21
1.17
0.56
1.57
2.12
1.01
0.63
-0.3
0.96
0.44
0.45
0.87
0.25
0.16
1.73
1.5
0.57
1.54
0.85
0.7
0.13
-0.3
1.21
1.15
1.67
-0.04
0.99
-0.28
-0.72
0.87
2.27
1.1
1.67
1.33
1.37
1.5
1.51
0.99
1.98
0.81
0.64
1.15
2.45
0.25
0.86
0.95
1.37
0.52
0.37
0.74
0.72
0.7
0.8
1.66
0.37
0.41
1.59
0.61
0.68
1.15
0.7
0.7
1.88
1.12
1.25
0.7
0.47
1.2
1.03
1.06
0.99
0.97
1
1.22
0.8
1.3
0.96
1.36
0.62
0.91
-0.3
0.67
0.54
0.46
0.27
0.67
0.9
0.77
2.03
2.03
1.13
0.43
0.85
0.77
2.24
0.48
0.74
1.17
1.17
0.72
1.24
1.49
0.49
1.11
0.83
0.51
1.32
0.59
0.9
0.65
1.17
1.47
1.15
0.74
-0.4
2.43
1.07
1.1
1.1
0.36
-0.26
0.23
-0.52
0.73
0.95
0.51
1.75
1.25
0.8
0.9
0.77
1.06
0.44
0.61
3.11
1.34
1.07
1
0.87
0.91
0.6
0.67
0.77
0.81
0.49
0.72
0.89
1.68
1.52
0.82
1.24
0.79
0.84
1.4
0.69
0.77
1.21
1.25
2.5
3.47
0.86
1.39
1.49
0.61
0.9
2.18
0.52
0.17
1.43
1.31
0.74
0.87
1.35
1.01
0.73
-0.11
1.37
1.02
1.61
0.8
0.86
0.97
0.61
-0.3
1.11
0.53
0.54
0.3
1.12
0.87
1.41
1.62
0.87
1.03
1.23
0.8
2.29
0.74
1.31
1.67
1.25
-0.33
1.34
0.48
1.4
1.31
0.63
1.61
0.85
0.59
0.93
0.49
0.89
0.85
-0.3
1.44
0.33
1.6
0.7
0.83
1.36
1
0.27
0.99
0.7
1.43
0.96
1.44
2.04
0.89
1.6
0.33
0.87
0.3
0.79
0.79
0.85
0.51
0.26
1.2
1.4
0.56
0.73
1.25
0.79
0.68
0.38
0.39
0.61
0.75
0.73
1.42
1.09
1.24
-0.4
1.43
0.86
1.63
2.07
3.36
0.47
0.78
1.09
1.21
1.43
0.4
0.08
2.01
1.85
0.89
1.01
0.49
0.77
0.42
1.35
0.6
1.42
0.86
0.94
1.17
1.1
0.71
1.02
1.09
0.5
0.89
1.69
1.62
0.98
0.26
0.96
0.61
1.36
1.23
2.29
0.85
0.92
0.31
0.78
0.1
0.5
0.1
0.3
-0.08
1.15
0.81
1.11
1.11
1.16
0.58
1.09
1.01
0.79
1.91
0.78
1
0.6
0.61
1.3
0.78
1.08
-0.19
0.63
0.82
0.79
0.61
0.79
1.4
0.37
1.62
1.15
0.44
0.74
2.82
0.78
1.25
1.44
1.15
1.19
0.78
1.47
0.46
1.26
0.1
0.9
0.91
0.84
0.97
0.66
1.71
0.67
1.63
1.5
0.52
1
0.45
0.3
0.61
0.6
-0.05
0.99
0.88
0.75
0.62
0.67
0.3
1.14
0.33
2.14
0.78
1.38
1.06
0.39
1.02
0.5
0.7
1.14
1.21
0.92
1.62
0.94
1.37
1.8
0.96
1.5
0.93
0.52
1.13
0.88
1.01
0.84
0.27
1.62
0.66
-0.2
0.25
0.9
0.62
0.52
0.45
2.17
0.3
0.35
0.69
0.51
0.85
0.42
1.12
0.22
0.84
0.2
0.59
0.98
1.89
-0.02
0.42
0.65
0.62
0.68
0.5
0.34
-0.3
0.29
1.27
1.08
1.74
0.96
1.55
1.53
-0.1
0.6
1.1
0.69
0.4
0.47
0.29
0.12
0.77
1.31
1.32
1.05
1.54
1.02
1.71
0.33
0.69
1.54
0.44
0.72
0.72
1.54
0.72
1.51
1.1
2.07
0.56
1.25
0.79
0.52
0.7
0.71
1.1
0
0.17
3.18
1.14
1.06
0.57
0.78
0.81
0.82
0.59
0.39
1.12
-0.2
1.1
0.1
0.25
1.04
0.67
0.7
0.4
1.6
1.91
0.75
0.62
0.54
0.55
1.48
0.43
0.5
1.83
1.59
0.5
0.8
0.9
0.39
-0.3
1.42
1.11
0.37
0.27
0.67
2.1
0.86
1.45
0.88
-0.2
0.66
1.04
1.09
0.2
0.49
0.3
1.05
0.96
1.75
2.91
0.83
1.5
0.96
-0.02
2.27
0.3
0.96
1.6
1.85
0.37
1.47
0.97
0.06
1.15
0.78
2.7
1.8
1.53
0.47
1.83
1.13
0.42
0.63
1.21
1.52
1.29
0.83
0.49
1.47
1.95
0.49
0.64
0.75
1.7
1.21
2.37
1.05
0.94
1.07
0.61
1.34
0.78
0.9
1.6
0.75
0.8
2.88
1.49
1.47
0.45
2.01
0.98
2.31
0.91
1.57
0.66
1.32
1.69
1.08
1.83
0.9
0.48
1.22
1.13
1.04
0.85
1.82
1.91
2.5
0.49
2.84
1.51
0.89
0.44
0.51
1.21
1.66
0.48
1.44
1
-0.3
1.05
2.32
2.1
1.54
1.84
1.2
0.7
1.09
0.3
0.84
1.59
2.52
2.79
0.54
2.1
0.56
0.89
1.42
0.73
0.55
1.45
0.5
1.16
0.7
0.86
0.58
1.66
0.8
0.93
2.15
0.57
0.9
2.51
0.4
1.31
1.56
1.02
1.27
1.21
1.97
0.37
1.51
1.49
1.6
1.27
-0.29
0.53
1.56
0.89
1.64
1.23
0.72
0.97
1.31
3.24
1.26
1.61
0.69
1.37
3.61
2.9
2.9
1.88
0.86
1.36
0.67
0.74
1.42
0.98
0.6
0.99
2.05
1.4
0.23
1.25
1.4
1.57
2.22
0.7
1.39
1.57
1.38
0.32
1.13
1
1.12
1.07
1.44
1.08
1.55
1.65
1.66
1.11
1.39
3.37
1.99
2.47
1.31
0.17
0.99
1.04
0.93
0.59
1.47
2.37
1.86
0.19
0.6
0.76
1.91
1.85
0.23
0
0.67
0.77
1.45
0.3
1.74
1.03
1.13
0.71
1.03
1
0.53
0.69
1.1
0.9
0.67
1.27
1.6
0.8
0.23
2.4
0.19
1.21
0.62
1.04
0.93
0.7
1.26
0.4
0.71
0.58
0.66
1.09
0.57
0.45
0.62
1.62
1.03
0.88
0.88
1.87
0.93
0.17
0.45
1.94
1.14
0.95
-0.04
1.12
0.5
1.14
1
0.51
-0.06
1.1
2
1.16
2.08
1.7
0.9
0
2
1.77
0.39
1.2
1.07
2.07
1.2
1
1.06
0.77
1.58
0.85
1.84
0.85
0.53
0.24
0.73
0.95
2.28
0.95
0.79
0.9
1.38
0.82
0.24
1.19
0.84
1.43
0.35
0.7
0.71
0.28
1.11
0.7
0.56
0.66
0.71
0.25
0.1
0.72
1.12
0.95
-0.2
0.94
0.14
2.2
-0.17
1.1
0.94
0.83
0.65
0.66
2.7
1.8
0.83
1.9
1.08
0.77
1.61
0.86
0.95
1.84
0.11
0.31
1.09
2
1.48
0.34
0.72
0.78
0.76
0.61
0.58
0.3
2.93
0.99
1.27
1.41
1.73
2.59
0.17
0.8
1.22
1.06
0.68
0.8
0.75
0.81
0.16
1.07
1.34
2.27
0.76
0.73
1.5
1.3
0.35
0.59
2.48
0.2
0.22
-0.07
1.78
1.61
1.75
1.1
1.32
1.7
1.36
0.76
1.47
0.13
1.18
1.57
0.41
0.93
1.69
1.72
2.39
2.5
1.16
0.88
2.36
0.64
1.4
0.32
0.69
0.94
0.96
0.2
0.6
1.5
0.91
1.95
1.35
1.08
1.16
2.21
0.5
1.19
0.46
3.42
1.48
3.2
0.89
0.79
1.62
3.47
0.31
1.42
1.86
1.11
1.7
0.6
0.77
1.42
1.39
0.71
0.96
1.21
1.2
1.24
0.61
2.87
0.6
0.64
0.96
0.14
-0.3
1.51
1.09
0.5
0.53
1.96
2.09
0.22
0.1
0.62
0.82
2.56
0.65
1.61
1.04
1.81
0.62
1.84
0.43
1.59
0.37
0.35
0.44
-0.27
0.55
2.24
0.93
0.2
0.4
1.51
1.13
0.64
0.17
0.85
0.3
0.82
0.9
0.91
1.71
0.2
1.19
1.72
1.17
1.35
1.36
0.91
0.68
0.56
2.19
1.49
0.52
0.75
0.92
0.62
2.17
0.63
0.4
1.18
0.74
1.7
0.82
-0.2
0.49
1.02
2.43
0.47
1
0.56
1.01
-0.4
0.4
1.36
0.92
0.73
0.86
0.05
2.06
0.84
1.29
1.03
1.15
0.9
0.52
1.39
0.5
0.94
1.08
1.76
0.93
0.89
-0.19
0.74
0.95
0.85
0.16
0.47
0.81
0.36
1.6
-0.54
0.6
1.58
0.8
1.42
0.56
0.24
0.74
0.66
0.16
-0.16
-0.1
2.02
0.85
0.49
0.89
0.77
0.61
0.47
-0.11
-0.09
0.68
0.88
1.35
0.84
0.97
0.81
0.47
0.35
1.06
0.62
1.69
0.43
0.09
-0.1
1.68
1.79
-0.05
-0.09
1.52
1.46
0.67
1.46
0.58
1.91
1.35
1.56
0.76
-0.3
1.68
1.3
0.68
1.11
1.42
1.34
0.54
0.64
-0.29
0.23
-0.22
1.55
1.42
0.56
1.13
0.85
0.58
0.51
1.12
0.25
0.72
1.58
1.86
0.74
0.77
1.34
0.62
1.59
0.68
0.66
1
1.5
0.7
0.56
0.9
1.26
0.85
0.28
0.5
1.18
0.58
0.4
0.9
0.96
0.7
0.62
1.15
1.69
1.42
2.6
0.97
1.52
2
2.47
0.56
0.28
1.97
1.63
0.09
1.68
0.4
0.53
0.96
0.95
0.82
1.65
0.37
1.37
1.15
0.59
0.74
-0.2
1.18
1.06
0.78
1.17
0.66
0.25
1.03
0.68
0.3
0.74
0.45
0.06
1.01
0.2
0.13
0
1.08
1.9
0.67
0.46
0.69
2
2.08
0.63
0
0.16
1.25
1.25
2.11
0.8
1.41
0.6
-0.1
1.01
0.1
0.37
0.93
0.12
0.51
1.2
0.89
1.66
0.49
0.75
0.9
2.08
0.25
2.54
1.21
1.3
0.5
-0.03
0.9
2
0.8
0.95
0.93
-0.3
0.74
-0.2
0.61
1.1
0.1
0.92
0.9
1.02
1.33
1.17
0.67
2.15
0.94
1.19
0.16
0.85
0.1
1.32
1.01
0.92
0.4
0.82
1.15
1.66
0.87
0.64
1.85
1.21
0.67
0.52
0.67
0.64
0.8
0.9
1.71
2.22
0.5
2.22
1.52
1.66
1.57
1.71
0.68
1.77
1.27
1.33
-0.1
0.32
0.93
1.86
0.6
0.66
1.6
-0.2
1.04
0.64
0.9
1.39
0.45
1.24
1.49
0.9
0.86
1.45
1.48
1.35
1.67
0.66
1.48
0.42
1.11
1.15
2.92
1.68
1.03
1.15
0.96
0.7
0.54
1.59
0.5
0.44
1.35
0.89
0.93
0.3
0.4
0.58
0.86
1.25
1.25
0.82
0.9
-0.33
1.12
0.5
0.64
1.77
0.6
1.26
1
0.83
1.05
0.37
0.59
0.15
1.66
0.9
0.4
0.77
0.19
0.81
0.9
0.9
1.17
2.2
1.14
1.24
0.84
0.48
1.11
1.54
0.3
0.4
0.47
0.68
0.59
0.72
0.85
0.51
0.83
0.88
1.13
1.1
0.68
0.49
0.34
1.89
1.3
0.5
1.5
1.14
1.13
1.37
1.22
0.31
2.14
0.58
0.61
0.96
0.63
2.13
0.59
0.55
1.1
1.9
3.12
1.17
0.85
0.59
1.8
0.64
0.73
1.33
1.03
2.41
1.2
1.1
-0.2
0.83
0.82
0.83
0.91
0.7
1.59
0.2
0.8
0.57
0.55
1.45
1.08
1.81
1.11
0.59
0.94
0.78
0.3
0.69
0.79
1.6
2.38
1.5
2.2
0.44
0.51
0.13
0.28
1.53
1.55
0.83
2.22
0
0.59
1.44
0.93
0.45
1.03
0.74
2.52
1.8
0.9
0.77
1.79
0.3
0.73
0.75
1.19
1.4
1.04
1.03
1.51
0.9
1.32
0.03
1.18
1.89
1.25
1.39
1.4
0.64
0.73
0.82
0.61
0.87
1.23
1.28
0.61
0.85
1.08
0.37
0.36
0.81
0.33
1.37
0.72
1.5
0.8
2.02
0.93
0.9
0.52
0.94
0.32
1.42
0.54
0.7
1.41
1.68
0.2
0.2
1.2
2.21
0.91
2.82
0.76
1.68
0.84
1.35
1.35
1.59
1.25
0.92
1.9
0.26
0.71
1.02
0.9
0.94
1.31
-0.5
0.94
0.6
0.36
0.78
1.31
0.2
1.09
1.23
1.12
1.72
0.58
0.31
0.89
1.01
1.49
0.8
0.89
1.1
1.21
0.78
0.89
1.26
1.49
0.8
0.55
0.54
1.1
0.79
-0.4
-0.3
0.89
0.7
1.05
0.94
0.88
0.49
0.79
1
1.19
1.48
0.7
0.35
1.46
0.56
1.19
1.65
0.68
1.5
1.09
0.91
0.82
1.73
0.45
2.4
0.1
0.86
1.55
0.6
-0.5
1.3
0.59
0.85
-0.15
1.47
-0.2
0.96
2.04
1.42
0.7
0.47
2.3
0.79
1.22
0.2
0.11
0.81
1.19
0.3
3.15
1.34
1.05
1.05
0.78
0.83
0.81
1.58
0.3
1.52
0.65
0.68
1.22
1.43
0.97
1.45
1.45
1.51
2.16
1.54
2.3
1.26
1.24
1
1.77
1.05
1.4
1.4
1.29
0.72
0.92
1.11
1.15
0.89
1.04
0.88
0.23
0.95
1.91
1.83
0.42
0.6
0.68
0.87
0.94
1.6
1.89
4.15
1.25
0.85
0.82
2.08
1.08
0.69
2.37
0.84
1.97
0.87
2.16
1.17
1.49
0.93
0.66
1.33
1.11
0.94
0.38
2.2
0.73
2.03
0.44
1.07
0.3
1.29
0.87
1.21
3.53
1.3
2.84
0.84
0.62
0.26
0.74
1.39
2.04
0.9
1.36
2.82
0.63
1.73
1.88
0.26
1.3
0.73
0.5
2.28
0.2
1.73
1.02
1.11
1.16
0.95
1.59
0.81
1.43
1.01
0.79
2.75
0.14
1.18
0.4
1.04
1.25
1.46
1.23
0.45
1.13
0.96
0.77
0.49
0.5
0.7
0.53
0.64
0.85
0.98
0.22
0.71
0.63
1.27
2.86
0.93
1.83
1.21
2
0.38
0.89
1.28
2.09
1.32
0.87
2.83
2.19
0.64
1.23
0.54
1.09
1.31
1.07
1.08
1.22
0.48
1.36
0.79
0.5
-0.1
1.24
0.49
1.67
1.2
1
1.12
0.88
0.68
0.9
0.53
1.02
0.34
0.94
1.76
0.55
1.22
0.34
-0.5
0.68
0.69
0.9
1.18
0.87
2.37
0.77
0.1
0.76
1
1.08
0.57
1.48
1.1
0.65
0.97
1.14
1.27
1.94
1.03
0.86
0.89
1.01
0.85
1.19
0.97
0.8
1.4
0.87
0.56
0.78
0.27
0.95
0.62
2.49
0.74
0.61
0.98
0.67
0.99
0.9
0.67
0.74
0.93
1.88
1.24
1.39
0.98
1.16
1.66
1.13
0.96
0.89
0.63
2.05
2.38
1.19
0.84
1.67
0.22
1.7
0.4
0.79
1.07
0.41
0.65
0.7
1.06
1.39
1.35
1.17
2.84
0.84
2.18
0.68
1.07
1.21
1.1
0.34
1.1
0.51
0.2
1.11
0.06
0.87
1.75
0.94
0.62
0.96
1.4
0.77
3.73
1.03
0.46
1.19
1.84
0.18
1.26
0.29
1.17
0.5
2.19
1.14
0.9
1.32
0.21
1.76
1.85
0.4
0.73
0.66
1.1
0.99
-0.1
0.74
1.5
0.74
0.67
1.42
0.4
0.96
0.85
0.63
0.5
0.71
0.6
0.52
0.73
0.81
0.65
0.95
-0.1
1.33
1.29
2.28
0.41
0.99
0.82
0.1
1.44
2.3
1.22
1.53
0.69
1
0.06
1.36
0.76
2.54
1.18
0.97
0.46
0.56
0.8
0.13
1.31
1.24
0.52
0.59
0.46
0.91
1.53
0.84
1.27
1.11
0.88
0.32
0.81
1.34
0.86
0.73
0.85
1.07
0.75
1.72
0.7
1.11
1.81
1.02
1.07
0.69
1.5
0.24
1.29
1.64
0.97
1.31
0.96
0.25
0.44
1.1
0.73
-0.2
0.82
1.25
1.87
1.61
1.26
0.07
-0.17
0.84
1.53
0.42
1
1.48
0.92
1.45
0.88
1.88
2.44
0.31
0.76
0.7
0.99
1.6
0.9
1.12
1.1
0.36
1.78
0.57
1.21
2.21
0.48
1.08
1.4
1.15
0.94
1.83
0.59
1.82
0.92
1.46
0.8
1.42
0.89
0.98
1.85
0.29
0.9
0.12
0.62
0.86
1.8
1.3
1.07
0.83
1.06
0.18
-0.3
0.3
0.86
0.85
0.34
1
0.6
0.75
0.5
0.81
1.15
1.01
2.02
1.25
1.09
2.05
0.74
0.49
2.35
0.67
1.01
0.32
0.69
1.44
0.78
1.23
1.7
1.31
0.96
1.09
1.31
0.59
0.2
0.97
2.01
3.55
0.91
0.95
2.03
0.3
0.57
0.95
1.98
0.3
1.47
-0.1
0.5
0.48
0.79
-0.3
0.3
2.05
2.45
1.52
0.43
0.95
0.58
3.2
1.6
1
1.33
1.22
1.87
0.1
0.66
0.69
0.41
1.02
0.4
1.09
1.32
0.48
0.66
0.56
1
1.31
1.15
1.74
0.67
0.95
0.41
1.18
0.95
1.52
0.1
0.16
0.9
1.11
0.82
1.4
1.49
0.77
0.58
-0.3
1.13
2.89
2.23
1.5
-0.4
0.22
1.07
0.3
0.55
1.21
0.26
-0.3
1.1
0.36
1.67
0.98
0.46
0.79
0.66
1.35
1.27
1.16
0.63
0.96
1.17
0.2
0.58
1.09
0.95
1.04
1.03
2.51
0.43
0.5
1.01
1.19
1.14
0
1.17
0.97
0.71
0.77
1.13
1.15
1.7
2.51
0.93
0.51
0.5
0.83
1.39
1.09
1.33
1.01
0.57
0.55
1.16
1.02
0.72
0.1
0.16
-0.1
1.06
-0.1
1.06
0.9
1.23
1.32
1.33
1.19
0.1
0.67
0.83
1.12
0.96
2.36
1.49
2.16
1.81
0.3
1.93
0.61
3.21
0.1
0.94
0.21
0.71
1.37
0.81
0.94
0.3
0.1
0.28
1.02
0.8
0.92
1.14
1.29
1.29
0.79
0.1
-0.08
0.6
1.28
1.38
-0.21
1.78
0.57
0.7
1.98
0.81
1.17
0.61
0.85
0.94
2.89
1.09
0.13
1.6
1.4
0.1
1.45
-0.1
2.9
2.68
0.73
0.63
0.63
1.81
1.05
0.4
0.79
0.88
1.88
0.44
0.14
0.67
1.1
0.75
-0.2
0.34
0.46
0.84
1.09
0.69
1.47
0.58
0.76
1.3
1.65
2.12
1
1
1.3
1.35
0.71
1.5
1.05
0.5
0.22
0.73
0.8
1.3
2.06
1.68
1.1
2
0.76
1.03
0.84
0.8
0.68
0.9
0.77
1.85
0.1
0.74
0.93
0.74
1.02
0.89
1.28
1.5
0.73
1
0.6
1.37
0.5
0.6
1
0.41
0.4
1.01
0.98
1.04
1.96
1.11
0.62
-0.4
3.51
-0.1
1.39
1.17
0.73
0.53
0.9
1.54
1.04
1.6
1.74
1.7
1.3
2.77
0.8
1.22
0.77
1.45
0.92
2.3
1.29
0.28
1.29
0.62
0.5
1.02
1.07
2.07
1.36
1.06
0.8
1.1
2.11
1.95
1.76
1.22
0.1
-0.2
0.36
0.2
0.1
2
2.86
1.08
0.2
1.36
0.59
0.7
-0.3
0.82
2.49
0.16
0.43
-0.3
0.79
0.17
1.49
1.85
1.97
0.83
0.2
0.7
1.15
1.1
1.07
1.16
1.44
1.08
2.06
0.92
-0.21
0.62
0.41
0.96
2.77
0.92
1.13
0.81
0.2
1.24
0.9
1.07
1.8
0.79
1.12
1.12
1.84
1.53
0.94
1.2
0.32
1.36
0.59
-0.24
0.9
1.18
2.18
0.84
0.92
1.55
2.26
0.17
1.02
0.6
0.2
1.9
1.72
1.01
0.86
1.27
0.92
0.8
0.2
2.1
0.86
2.29
1.16
0.96
1.71
1.21
1.38
1.13
0.32
1.31
0.18
0.39
0.19
1.9
1.24
1.04
1.12
1.31
0.4
0.89
0.13
1.41
0.3
0.81
1.26
1.96
0.85
1.88
0.37
0.18
0.54
1.9
0.94
1.08
1
1.33
0.77
0.34
1.53
0.2
1.41
0.71
1.13
2.85
1.68
1.44
1.62
1.46
2.14
0.96
1.67
2.29
1.66
3.6
1.2
0.81
0.6
0.75
3.75
0.58
1.27
1.16
1.86
1.2
1.1
1.05
1.39
1.83
1.46
1.9
0.48
1.12
1.09
1.35
0.3
1.26
0.24
1.1
1.05
0.46
0.81
0.92
0.5
0.57
1.4
-0.1
0.8
0.95
-0.4
-0.4
1.25
1.23
1.01
1
1.1
0.85
1.5
1.23
0.89
1.64
3.14
3.35
2.31
1.04
1.51
0.54
1.86
2.24
1.31
0.47
0.8
1.72
1.94
1.78
1.7
2.04
1.3
0.9
0.72
0.68
0.63
-0.4
1.9
1.04
0.46
1.05
0.5
1.5
0.88
0.49
0.93
0
1.15
2.2
1.18
1.6
1.21
1.2
1.41
0.99
1
1.41
1.73
0.95
0.65
1.47
1.99
1.82
1.57
1.57
0.89
1.33
0.82
1.8
2.91
1.17
1.11
1.14
2.34
1.53
0.78
3.18
1.08
1.73
0.8
0.32
0.76
1.13
1.3
1.6
1.18
0.37
0.2
1.75
0.65
1.28
1.07
1
1.85
1.1
1.2
1.28
1.18
1.59
0.93
1.33
0.97
0.65
0.2
1.4
1.76
1.72
0.87
1.1
1.02
0.3
0.6
1.48
0
1.22
1.25
1.44
0.9
1
2.35
0.29
1.34
0.92
1.82
1.41
0.78
0.3
-0.01
1.97
0.87
0.29
0.51
1.24
1.75
2.71
0.88
1.94
1.24
0.82
0.95
0.92
2.09
0.62
0.4
1
1.22
1.24
0.99
1.34
0.7
2
0
1.15
0.2
1
0.45
1.72
1.43
1.5
0.8
1.51
0.91
0.29
2.45
1.31
2.12
2.59
0.32
1.38
0.84
0.5
1.2
1.2
0.8
1.66
0.1
1.7
1.18
1.3
1.64
0.7
2.3
1.44
1.36
1.21
2
2.68
3.12
3.1
-0.1
2.13
0.52
3.33
0.87
2.47
2.35
1.2
1.66
0.6
0.3
1.3
1.08
1.74
0.6
0.6
1.17
1.37
1.22
1.53
0.6
1.22
0.94
1.02
0.46
1.6
2.01
0.31
1.61
1.49
0.61
1.11
1.21
1.7
0.99
1.35
0.71
1.34
1.73
1.9
0.79
1.14
2.23
1.37
1.34
1.61
1.58
0.02
1.46
1.67
1.42
1.87
0.48
2.09
1.25
1.58
1.03
2.23
0.76
1.13
1.52
1.25
1.2
1.8
0.82
1.03
1.81
2.93
1.55
1.13
1.32
0.36
0.67
2.02
0.6
0.99
1.3
1.36
0.26
0.49
1.3
1.73
1.2
0.79
0.62
0.72
0.65
1.63
0.38
1.01
1.97
0.67
0.89
1.5
1.82
1.47
0.8
-0.2
1.77
1
0.8
2.21
0.69
0.26
1.57
1.79
2.93
1.1
1.3
2.71
0.21
0.6
0.91
0.54
1.52
0.55
1.53
0.62
0.64
1.1
0.73
1.02
1.28
1.6
1.61
1.75
0.75
0.85
0.38
1.71
1.24
0.34
1.97
0.93
1.48
0.51
0.48
0.81
0.9
0.39
1.44
0.85
0.63
0.67
0.78
1.25
0.8
0.7
0.2
0.34
0.57
2.01
0.94
0.89
0.65
1.03
0.81
0.78
0.89
0.93
1.4
1.26
0.81
2.07
1.77
0.52
2.03
0.87
0.91
1.56
0.59
1.83
0.7
0.5
0.71
0.37
1.13
1.54
1.59
0.42
0.9
1.65
0.66
0.64
0.68
1.97
0.92
2.22
0.85
1.19
0.57
0.67
0.96
0.93
0.63
0.34
1.07
1.25
0.91
0.86
0.89
1.09
0.22
0.77
1.68
0.11
1.97
0.37
0.61
1.21
3.31
1.02
0.69
1.36
0.29
1.28
1.74
0.62
-0.19
1.33
0.64
1.96
0.7
1.32
0.74
1.17
0.3
0.98
-0.3
1.23
0.34
1.06
0.99
0.75
0.41
-0.3
0.7
1
0.42
0.9
1.88
1.26
0.61
1.87
1.18
1.21
1.14
0.81
0.3
0.94
0.74
0.75
0.5
1.1
1.24
0.7
1.53
0.59
-0.3
0.59
0.57
0.25
1.63
0.98
0.83
2.3
0.63
1.3
0.1
1.16
0.8
0.69
-0.04
-0.4
0.6
0.56
0.62
-0.06
1.09
1.73
0.13
0.72
0.65
0.71
1.52
0.73
1.45
1.19
0.59
1.1
0.81
0.68
0.85
-0.62
0.72
3.06
0.8
0.9
1.03
0.5
0.96
0.73
0.26
0.69
1.88
-0.3
0.8
0.99
0.21
0.57
1.15
0.79
0.4
1.78
1.03
0.32
0.36
0.68
0.23
0.5
1.72
1.16
0.78
0.77
2.02
0.99
0.2
0.44
1.14
1.1
0.97
0.9
1.03
0.75
0.98
0.42
2.33
1.65
2.8
0.63
0.89
0.84
0.6
0.89
1.88
1.5
0.71
0.6
0.61
1.25
0.46
1.9
0.87
1.1
0.08
0.49
0.62
0.16
0.81
0.9
0.59
1.14
0.7
1.08
0.49
0.9
1.05
0.37
0.57
1.09
2.64
1.64
1.13
0.88
1.16
1.09
0.97
0.83
0.35
1.35
0.95
0.52
0.09
1.16
-0.2
0.73
1.1
1.71
1.34
0.96
0.85
0.79
0.58
1.59
2.16
0.79
0.57
1.6
0.75
0.74
-0.4
0.05
0.35
-0.39
0.88
0.78
1.02
-0.4
0.6
0.79
0.64
1.27
1.2
1.7
0.2
-0.1
1.25
0.43
-0.3
1.1
0.91
0.34
1.49
1.19
0.3
0.82
0.11
-0.18
0.95
0.82
1.12
1.71
0.52
0.63
1.84
0.97
0.71
1.17
1.76
0.66
1.41
1.2
1.06
0.48
0.88
1.08
1.34
1.1
1.34
0.86
0.16
1.6
1.9
0.77
0.98
1.04
0.61
0.2
1.25
1.43
1.89
1.79
0.25
0.78
0.62
1.44
0.27
0.56
1.48
1.15
0.23
1.04
-0.4
0.65
3.07
1.38
0.54
0.78
1.55
1.5
0.4
0.94
1.49
0.4
2.28
0.21
-0.1
-0.3
0.83
-0.5
0.68
0.36
0.57
1.35
1.13
0.46
0.28
1.27
0.95
1.02
0.49
1.07
1.39
1.38
0.52
-0.04
1.09
1.96
2.01
1.04
1.05
0.68
1.07
1.97
-0.3
0.4
0.01
2.03
0.67
0.96
0.63
1.46
1.11
0.96
-0.19
0.86
1.26
0.39
0
-0.19
-0.2
-0.4
0.4
0.9
1.33
0.6
0.5
1.64
0.22
-0.1
1
0.92
-0.1
0.68
0.97
-0.4
0.2
1.02
-0.1
0
-0.4
0.4
0.92
1.1
1.02
0.6
0.92
1.03
0
0.76
-0.2
0.75
0.44
1.51
1.86
2.3
0.63
1.18
-0.4
0.98
1.32
0.92
1.07
0.96
2.17
2.23
1.2
0.7
1.65
0.92
1.02
1.45
0.97
0.1
0.6
1.14
-0.4
0.1
0.46
0.33
-0.1
-0.2
0.8
-0.1
-0.3
1.32
0.32
0.91
0.87
0.99
0.43
0.03
0.43
0.31
0.5
0.1
2.39
0.6
0.46
0.6
1.16
2.25
1.44
1.04
0
1.15
1.24
1.24
0.84
0.93
2.18
1.29
-0.4
0.1
1.26
1.51
0.3
1.62
0.97
0.4
0.83
1
0.2
0.54
1.3
1.63
1.16
0.89
0.51
0.09
1.72
0.77
0.98
1.55
0.93
0.96
0.42
0.72
1.48
0.89
-0.2
2.23
1.92
0.99
1.44
1.96
0.82
1.77
2
1.95
0.64
1.35
0.93
0.73
0.6
0.2
1.57
1.63
1.93
1.23
2.24
2.01
1.39
0.73
1.5
1.37
2.77
2.11
2.17
1.06
0.98
0.52
1.1
0.78
1.74
1
1.07
1.21
1.81
0.68
0.61
1.27
1.06
1.2
1
1.46
1.05
1.54
1.45
1.01
1.03
0.58
0.7
1.02
0.92
0.78
0.54
1.19
0.57
0.79
1.27
2.01
1.14
2.12
1.49
1.46
0.79
1.35
1.16
2.21
1.19
0.75
0.94
0.64
0.17
0.98
1.04
0.92
0.81
1.76
1.03
1.49
0
0.77
-0.15
0.65
1.18
0.71
0.25
0.6
1.26
1
0.5
2.8
1.2
1
1.46
1.22
1.7
0.67
0.3
1.2
0.71
1.55
0.81
1.19
1.58
0.73
1.08
0.59
0.38
0.35
0.87
0.49
0.3
-0.06
0.75
-0.19
1.01
0.85
1.16
0.06
0.72
0.92
0.9
0.79
0.69
0.5
0.8
0.33
0.1
0.88
1.11
1.7
0.51
0.02
0.14
1.32
2.05
0.21
1.17
0.84
0.6
0.1
1.3
0.74
0.9
0.82
0.23
0.41
1.48
0.1
0.74
0.43
0.27
1.42
0.5
1.25
0.57
0.74
0.58
1.68
0.71
0.68
1.3
-0.2
0.9
0.92
1.13
0.2
1.52
1.39
2.03
1.48
0.61
2.08
0.94
1.5
0.49
0
1.34
1.31
0.98
1.13
0.45
1.56
0.58
1
1.22
1.53
0.88
-0.01
0.75
0.43
0.4
0.33
0.93
0.61
0.25
1.09
0.36
1.42
0.48
0.38
0.62
0.87
1
0.64
1.6
1.3
1
1.39
0.89
0.4
0.98
0.79
0.25
0.82
0.57
1.6
0.88
0.63
0.77
0.69
0.68
0.83
0.3
0.09
0.56
0.78
1.24
0.65
0.98
0.86
0.2
0.9
1.23
1.94
1.04
0.65
1.19
0.46
0.69
1.1
3.01
1.2
0.3
1.47
0.21
0.52
1.01
1.04
0.82
0.08
0.69
-0.2
1.19
1.36
0.6
0.81
1.12
0.72
0.87
1.63
0.59
0.14
0.61
0.5
0.58
0.99
0.37
0.76
0.92
0.4
2.54
0.8
0.75
1.07
-0.2
-0.16
0.8
0.71
0.21
2.26
0.92
0.65
0.09
2.1
0.56
2.58
0
0.82
-0.3
1.4
2.1
1.31
1.68
0.57
0.52
0.83
1.6
0
1.2
0.5
1
0.6
2.7
0.95
-0.3
0.39
0.86
0.67
1.03
0.35
0.29
1.43
0.21
2.4
1.01
0.79
0.3
0.21
0.28
0.8
-0.14
0.5
0
0.55
0.16
0.32
0.62
1.1
0.31
0.78
1.23
0.58
0.27
0.02
0.98
0.85
0.52
0.7
0.46
2.12
0.7
1.75
1.15
1.09
1.22
0.52
0.9
0.25
0.58
1.27
0.55
0.72
0.55
1.05
0.32
0.55
0.79
0.35
0.92
0.68
0.89
0.36
0.55
0.56
0.6
0.94
0.82
2.37
0.57
0.66
0.96
1.27
1.11
1.38
0.64
1.5
0.7
0.57
0.29
0.45
0.92
0.95
0.89
0.56
0.81
0.47
1.07
2.38
0.87
2
1.62
1.3
1.12
0.27
0.88
1.43
0.16
0.6
0.32
1.04
0.11
1.5
1.09
1.87
0.91
1.44
0.99
0.9
1.09
1.42
1.71
0.62
1.32
1.27
1
0.89
0.85
1.29
-0.2
1.6
0.91
0.22
0.27
0.53
1.19
0.58
0.69
0.32
1.17
0.77
1.52
0.56
0.8
1.99
0.66
0.8
0.91
-0.3
0.3
1.15
0.57
0.89
1.12
1.64
1.71
0.86
1.19
1.1
0.99
0.64
0.8
0.39
1.29
1.4
0.49
0.77
1.19
0.78
0.16
0.71
0.51
0.7
0.59
-0.1
0.76
0.92
1.66
0.63
0.15
0.23
0.41
0.57
1.29
1.21
1.12
0.51
1.26
0.39
1.18
1.03
1.09
0.75
0.56
0.15
0.57
0.32
0.74
1.17
1.01
0.75
0.87
0.6
0.61
0.26
0.4
0.97
0.53
0.74
1.7
1.42
0.89
0.2
0.78
0.55
0.98
1.32
0.64
0.6
1.17
1.2
0.9
0.87
1.03
0.29
0.28
0.55
0.69
0.52
1.36
0.53
0.97
0.6
0.78
0.93
1.28
0.82
0.1
1.91
0.9
1.65
0.44
0.7
0.03
0.43
0.42
0.47
1.74
0.58
0.81
1.14
0.29
1.24
1.92
1.1
1.27
2.3
1.48
0.3
1.22
0.86
-0.08
1.26
1.35
1.05
0.65
1.67
0.6
1.46
0.91
0.97
1.28
1.68
1.76
0.88
1.02
0.5
1.06
1
0.86
1.05
1.07
1.31
0.81
0.09
1.35
0.28
1.21
0.85
0.73
0.82
0.6
1.66
0.59
1.05
1.46
1.35
1.94
0.93
0.53
0.85
0.62
1.04
0.57
-0.22
0.3
-0.33
0.07
0.26
1.7
-0.22
0.27
0.02
0.72
-0.28
1.93
0.48
0.8
0.33
0.68
1.08
0.47
1.63
1.02
1.27
0.45
0.76
1.09
1.24
0.76
0.62
1.4
0.8
0.57
3.54
0.85
0.8
1.93
0.48
0.66
0.6
0.92
1.21
0.68
0.67
1.36
0.62
1.1
0.76
1.86
2.36
1.42
1.82
0.33
-0.37
0.51
1.47
0.52
1.12
1.3
0.82
0.68
0.98
1.48
1.46
0.96
0.82
1.3
0.99
1.64
0.65
1.28
1.11
1.24
0.89
0.81
0.96
0.58
0.63
0.61
0.91
0.92
1.83
0.84
0.83
0.51
0.92
0.95
0
0.87
1.95
1.15
0.14
0.25
0.7
0.57
0.53
2.39
1.1
0.52
1.17
1.08
1.6
2.13
2.34
1
2.07
0.67
2.19
0.37
0.74
1.16
1.2
1.57
1.21
0.69
0.53
0.92
0.76
0.98
1.3
0.79
0.76
0.61
1.11
1.6
0.66
0.89
0.85
0.76
1.22
0.56
1.61
0.95
0.72
1.98
1.46
0.48
-0.18
0.37
0.81
1.64
1.1
0.57
0.8
0.59
1.38
1.14
0
0.76
0.9
0.94
1.11
0.47
1.2
1.31
0.94
1.37
1.36
0.81
1.44
0.79
1.3
-0.13
0.92
0.71
1.34
1.29
1.38
2.28
1.3
0.4
0.75
0.98
0.92
1.15
0.2
0.67
1.04
1.43
1.71
1.16
1.08
1.35
1.29
1.06
1.48
2.13
2.62
0.19
1.6
0.1
0.97
1.45
1.9
1.2
0.63
1.76
0.4
0.63
0.03
1.5
0.45
0.7
0.8
1.7
2.34
2.75
0.7
1.67
0.7
0.52
0.66
0.74
1.54
1
0.3
1.48
1.71
0.39
1.97
0.66
0.4
1.43
1.06
1.01
2.06
1.31
1.19
1.17
1.31
0.65
2.51
1.66
2.66
0.56
1.11
0.78
1.44
1.83
1.19
2.36
1.28
2.83
0.89
3.01
2.39
1.81
0.91
1.1
1.34
0.5
0.79
1
0.51
0.79
1.3
0.68
1.11
1.28
1.12
0.89
0.85
1.19
1.73
1.75
0.66
1.58
-0.4
0.86
1.26
1.36
0.9
1.11
0
1.53
1.7
2
1.11
2.4
1.73
0.69
0
0.86
0.91
1.33
0.44
1.35
1.7
0.43
0.4
1.61
1.01
1.02
0.85
0.76
0.81
0.85
1.11
1.08
0.45
0.98
1.43
0.54
1.08
1.07
1.67
0.21
1.57
1.37
1.26
0.78
1.19
0.49
1.18
0.99
0.75
0.69
0.77
1.52
1.09
0.85
0.86
2.07
2.14
0.41
0.61
1.08
1.07
1.03
1.57
1.2
2.47
2.01
1.28
2.72
1.14
1.71
1.04
1.29
0.67
1.01
2.35
0.5
1
0.96
0.92
0.87
0.17
2.12
2.68
0.72
0.92
0.76
-0.3
0.61
0.95
2.05
2.14
0.59
0.8
1.13
0.2
1.26
1.21
1
1.84
0.8
0.74
1.05
1.65
1.49
0.65
0.82
1.22
0.56
1.5
0.73
1.08
0.92
0.6
1.17
0.85
0.82
0.83
1.07
0.68
0.31
1.71
0.56
1.1
1.03
0.3
1.34
0.68
1.87
0.21
1.54
1.2
0.69
0.79
0.54
1.99
0.84
0.5
0.88
0.62
0.93
0.89
0.47
1.19
1.69
0.63
0.95
1.21
1.76
1.4
0.36
0.92
0.75
0.95
1.17
1.82
1.08
0.69
0.47
0.6
0.7
0.83
0.33
0.8
3.04
2.04
1.88
1.22
1.3
2.04
1
1.07
1.26
0.56
1.19
1.22
0.92
1.38
0.82
1.27
1.05
1.09
0.86
1.25
1.51
1.52
2.5
1.06
-0.1
1.1
1.1
0.7
0.41
0.97
1.51
1.29
1.68
1.58
0.69
1.5
0.63
1.05
2.24
1.75
0.85
0.98
1.05
1.45
1.5
1.41
2.61
1.1
1.01
1.8
2.52
0.69
1.49
1.14
0.8
0.99
1.73
0.71
0.8
1.03
1.23
0.95
1.94
0.63
0.94
1.55
1.42
0.95
2.26
1.39
1.45
0.72
1.39
0.1
0.1
0.62
0.87
0.91
0.72
0.83
1.35
1.43
0.72
0.83
1.32
1.86
1.89
1.58
0.94
1.7
1.76
1.24
1.03
0
1.72
0.94
1.19
1.71
0.56
1.91
2.56
0.87
1.21
0.88
0.63
2.1
1.62
1.18
0.9
1.47
1.25
1.52
1.54
1
1.9
2
3.54
2.88
1.38
0.47
0.2
0.69
0.53
0.32
1.47
0.28
1.53
0.92
0.43
0.24
1.09
0.12
3.76
0.77
1.17
0.43
1.89
1.21
2.14
1.1
1.19
1.47
1.13
1.54
1.58
0.81
0.6
1.64
-0.2
1.4
-0.2
-0.2
1.88
1.48
1.24
0.82
1.3
0.7
0.68
1.27
1.19
0.92
1.08
1.31
1.7
1.21
0.86
1.01
1.87
1.45
1
0.1
1.44
0.97
1.81
1.56
2.1
0.82
1.27
1.67
1.12
0.69
1.22
1.25
1.2
1.96
1.44
-0.05
0.98
1.08
1.63
0.63
1.04
-0.4
1.2
0.75
0.95
3.56
0.14
0.7
1.45
0.8
1
0.55
1.69
2.87
1.25
1.37
0.91
1.04
0.13
1.03
1.25
2.73
1.39
1.73
0.89
1.22
1.53
0.74
0.93
1.78
1.65
0
0.29
0.64
1
0.74
0.97
1.3
1.03
1.54
1.04
1.29
1.43
2.02
1.36
1.63
1.78
0.45
1.83
0.64
1.97
0.5
0.67
1.95
1.22
0.22
0.88
0.6
0.43
0.74
0.83
0.62
1.07
1.37
0.96
0.76
0.72
0.26
1.03
0.94
1.01
2.79
0.99
0.25
0.91
1.28
1.11
2.36
1.92
3.02
-0.3
2.05
0.45
1.63
0.63
1.26
0.8
1.1
0.39
0.57
0.73
-0.5
0.44
1.46
0.46
0.75
0.92
1.15
0.91
0.38
0.84
1.27
1.68
0.95
0.68
0.53
1.39
0.43
0.69
1.88
1.13
1.34
1.37
0.95
1.66
0.83
1.05
0.56
0.95
1.29
0.46
2.82
0.96
1.9
0.75
0.66
0.94
0.76
1.6
1.66
1.52
0.93
0.76
1.01
0.3
0.9
0.73
1.12
0.87
1.42
2.43
2.73
0.9
0.33
2.62
0.99
0.95
3.23
1.68
1.66
0.11
0.7
1.22
1.61
1.4
0.56
1.93
1.66
0.21
0.55
0.58
0.91
1.22
0.94
0.93
1.95
0.3
0.92
1.55
0.96
1.27
0.72
1.04
0.81
1.5
1.58
1.69
0.89
1.17
-0.16
1.47
1.3
0.69
0.86
0.63
1.6
1.64
1.4
1.67
0.11
0.52
0.77
-0.07
0.54
1.9
0.5
0.37
1.89
2.03
1.1
1.22
0.84
1.07
1.43
0.76
1.3
1.11
0.09
0.59
0.81
1.95
0.62
1.75
1.26
2.54
0.41
0.66
0.53
1.27
0.77
0.74
1.1
0.71
3.31
1.17
1.32
0.22
1.96
2.19
0.16
1.67
0.39
1.01
1.63
1.16
0.79
1.09
1.15
0.63
-0.02
0.33
-0.29
2.2
0.32
1.4
1.49
1.31
0.81
0.42
-0.01
0.94
0.22
0.95
0.86
0.68
1.62
1.66
0.48
0.23
0.63
0.57
0.37
2.22
0.2
1.06
0.05
-0.31
0.37
0.52
0.85
2.4
0.05
0.85
0.61
0.93
1.14
0.43
0.64
0.37
0.88
0.58
0.37
0.45
-0.1
1.27
1
1.81
0.32
0.78
1.63
0.9
0.5
0.55
2.02
0.9
1.08
1.85
0.78
1.34
1.76
1.23
1.97
1.18
0.2
0.71
0.57
0.84
0.89
0.4
0.83
2.04
1.1
1.01
1.38
1.13
0.95
1.51
0.65
0.93
1.03
0.64
0.73
0.62
1.55
0.7
0.85
0.53
0.45
1.41
2.14
1.41
0.42
1.24
1.16
1.15
0.74
0.42
0.76
0.58
1.28
0.8
0.96
1.68
0.81
0.83
0.96
0.64
0.55
1.24
1.87
1.48
0.92
0.56
0.96
1.07
0.58
0.43
0.61
0.68
0.6
0.6
0.72
0.88
2.46
1.87
1.05
1.7
2.82
0.5
0.49
2.4
1.14
1.04
0.87
0.35
1.56
0.99
3.24
0.5
1.46
0.88
1.2
0.56
0.5
1.2
0.34
1.99
1.01
1.5
1.56
1.04
0.86
0.53
2.21
0.96
0.59
0.17
1.13
0.6
0.09
0.75
0.76
1.18
1.69
0.7
-0.2
1.56
1.21
0.64
1.52
1.06
0.17
1.14
0.76
0.79
1.77
1.29
1.15
1.18
2.3
0.97
2
2.04
1.1
1.03
0.87
2.24
1.22
0.96
1.53
1.78
1.26
0.1
1.35
1.24
1.51
2.51
1.56
1.58
1.96
1.95
1.13
4.71
0.87
0.49
1.51
0.79
1.33
0.32
0.85
1.82
0.34
1.28
1.15
0.93
1.04
1.1
1.54
1.67
0.72
1.37
-0.24
2.03
0.38
1.39
0.83
1.6
0.86
1.02
0.96
1.07
1.25
0.79
1.77
0.3
0.59
1.61
1.32
0.75
0.44
1
0.82
0.22
1.93
0.32
2.3
0.9
0.55
1.1
1.1
1.67
1.17
0.86
0.67
1.3
2.16
1.29
1.28
0.6
1.83
0.54
0.68
0.26
1.11
0.29
0.43
0.6
1.06
0.83
0.41
0.98
0.83
0.67
0.57
0.89
1.8
1.05
1.26
1.08
0.95
2.53
0.77
0.99
2.72
0.56
0.16
0.56
0.63
0.13
0.87
0.87
0.1
1.22
0.42
1.17
0.79
0.1
1.28
0.78
0.5
0.55
0.94
1.32
1.94
1.07
0.81
1.66
2.34
0.77
0.48
1.03
0.88
1.18
0.93
0.8
0.99
0.45
0.94
0.32
1.3
1.47
1.12
0.8
1.08
1.38
1
1.12
0.57
0.84
1.36
0.79
0.98
2.57
0.6
1.16
0.84
1.01
2.06
1.5
0.87
1.64
1.2
0.6
0.79
0.59
1.91
1.08
1.43
1.43
1.22
0.95
1.74
1.13
1.21
1.26
1.55
1.23
0.9
1.98
0.8
1.6
0.99
0.92
1.69
2.07
1.06
1.19
1
4.46
0.61
0.6
1.04
2.45
0.97
1.87
1.1
1.69
1.15
0.57
1
0.82
0.92
1.04
0.16
0.93
0.3
0.97
1.07
0.66
0.46
-0.2
-0.4
2.48
0.97
0.94
0.75
1.14
-0.4
1.11
1.54
0.82
1.16
1.26
0.52
0.1
0.75
2.41
1.05
-0.3
1.5
0.34
1.29
1.11
0.12
0.64
0
1.11
1.17
0.1
0.96
1.1
0.54
1.26
0.87
0.25
0.37
1.02
1.47
1.01
0.99
0.84
1.6
1.16
0.16
1.69
0.78
0.88
0.4
2.49
-0.1
0.83
0.88
1.29
0.85
1.21
0.37
1.6
1.78
0.57
1.5
1.12
1.16
1.38
-0.06
0.71
2.2
0.62
0.53
0.52
0.55
0.66
1.36
0.16
0.77
1.1
1.47
0.41
0.72
1.13
0.2
0.34
0.33
1.29
0.56
0.62
0.31
0.16
0.51
-0.22
0.52
0.81
1.5
0.14
1.34
0.55
1.23
0.58
0.65
0.8
1
0.44
1.62
0.78
0.62
1.02
0.8
0.5
0.19
1.13
0.6
0.88
0.79
0.89
1.51
0.29
-0.1
-0.14
1.12
1.49
1.09
0.77
1.08
1.25
0.83
0.91
0.51
1.08
0.94
0.59
0.52
0.56
2.02
1.1
0.7
-0.1
0.31
0.22
0.9
0.29
0.5
1.31
0.83
0.2
0.35
0.52
0.62
1.98
0
1.1
0.85
0.96
1.22
0.55
-0.1
0.72
0.86
0.41
0.63
0.3
0.32
0.64
-0.15
-0.66
0.08
0.4
0.9
0.8
0.6
0.73
0.19
1
0.52
0.8
0.59
0.63
1.47
1.05
0.7
0.62
1.23
1.7
0.53
1.1
0.43
0.71
1.06
1.13
0.94
1.44
0.88
0.56
1.16
1.64
1.03
0.62
1.5
0.73
0.55
0.77
0.39
0.43
1.7
0.84
2.48
0.84
1.01
0.52
0.7
0.45
0.55
0.36
0.45
0.9
1.12
0.99
-0.09
0.33
0.96
1.07
0.58
2.09
1.82
1.45
2.88
0.8
0.93
0.9
0.58
0.68
2.07
1.02
0.98
1.15
1.15
0.96
0.24
2.99
0.9
0.65
1.13
0.83
2.31
-0.11
1.02
1.28
1.22
0.99
0.67
1.58
0.62
0.56
-0.43
1.37
0.58
0.56
1.38
1.2
2.58
0.82
1
1.1
1.09
0.64
0.1
1.15
0.32
0.47
0.9
0.67
0.93
1.83
0.83
0.64
2.18
1.35
0.58
0.72
0.9
0.96
0.56
1.35
2.87
0.38
1.15
1.57
1.47
1.12
0.59
0.81
1.01
0.52
0.19
0.78
0.95
0.2
0.94
0.64
0.57
0.91
1.7
0.4
0.98
1.29
2
1.02
-0.1
0.69
0.66
0.8
1.35
0.19
-0.5
0.58
1.48
2.15
0.98
0.9
0.47
1.28
1.03
1.55
0.8
0.6
1.98
1.04
1.26
0.95
0.77
0.74
0.75
0.94
1.6
1.3
1.25
0.58
0.68
1.26
0.86
0.78
0.82
1.23
1.39
0.88
0.55
0.51
0.2
0.86
0.69
0.87
0.76
0.34
0.97
1.15
0.99
0.95
0.29
2.01
1.27
3.07
0.36
0.79
1.06
1.48
1.01
0.79
1.2
0.5
1.02
1.56
1.52
0.5
0.58
0.13
0.65
2.36
1.09
0.48
0.68
1.35
0.5
0.49
0.76
0.1
1.35
0.79
0.67
0.48
1.04
0.81
-0.3
1.06
0.02
1.87
1.88
1.77
1.36
1.03
-0.2
1.43
0.53
0.54
0.71
0.85
1.65
0.09
-0.4
0.78
1.19
0.99
0.42
0.18
0.1
0.41
0.33
0.58
1.76
1.11
0.38
0.72
1.12
0.37
0.33
0
0.52
0.48
0.59
-0.09
1.33
0.38
0.27
0.34
1.18
-0.2
0.52
1.01
1.43
0.68
0.53
0.9
-0.3
0.79
0.71
0.76
0.42
0.62
2.08
-0.3
0.84
0.28
0.99
1.34
-0.2
0.75
0.92
0.9
0.65
0.91
0.18
0.48
0.48
0.57
0.26
1
0.8
0.57
0.98
0.6
0.81
0.32
0.79
1.02
0.6
0.52
0.74
0.1
1.25
0.18
0.65
-0.1
-0.3
1.34
1.61
1.03
0.78
0.32
0.96
1.62
0.92
1.12
0.79
1.04
0.42
0.49
0.66
0.02
0.7
0.71
0.95
0.78
0.23
-0.3
1.53
0.56
0.28
0.02
1.36
0.91
1.27
1.3
0.61
0
0.67
1.12
1.15
0.57
0
0.2
2.12
0.9
2.46
0.61
2.55
-0.5
0.1
0.48
0
0.71
0.41
0.76
0.55
0.93
0.44
0.35
1.15
0.9
1.52
0.69
1.25
0.22
0.58
0.27
1.63
1.43
2.4
0.6
0.82
0
2.57
0.6
2.35
0.97
0.81
1.3
1.03
0.44
1.37
0.57
1.26
0.73
0.94
1.53
0.78
0.7
0.56
0.94
0.56
0.56
1.1
1.67
1.83
0.34
0.55
0.08
-0.4
0.5
0.48
0.77
1.12
0.53
1.97
1.09
1.2
0.46
1.37
0.22
0.5
1.77
0.62
0.62
1.11
1.58
0.96
0.59
0.36
0.68
0.61
1.13
1.12
0.37
0.86
0.63
0.24
1.97
1.25
0.96
1.64
1.4
1.13
0.15
-0.31
1.04
0.97
0.03
1.33
0.85
2.16
0.86
0.37
-0.04
0.79
1.63
1.08
0.59
0.81
0.91
0.15
0.83
0.65
0.92
0.49
1.53
0.7
0.82
0.17
1.06
1.17
1.09
0.64
1.84
0.46
0.7
0.79
0.67
0.55
1.24
0.62
0.72
0.31
0.85
0.32
0.13
0.97
1.38
0.5
1.24
0.32
1.12
0.72
0.78
0.93
0.63
1.03
2.32
0.56
0.64
0.64
0.89
0.65
2.3
0.61
1.16
2.03
2.09
1
1.44
0.39
0.35
-0.3
1.24
0.8
0.37
0.91
0.38
0.41
-0.4
0.75
0.73
0.91
-0.05
-0.1
1.03
0.49
0.36
-0.5
0.1
0.56
0.8
0.54
0.19
0.94
0.32
0.95
0.41
1.01
0.7
0.93
0.64
0.89
0.29
-0.2
0.5
-0.4
0.68
0.6
2.52
1.36
0.33
1.45
1.47
0.42
0.8
0.9
1.9
1.58
0.62
0.3
1.4
0.59
0.56
0.05
0.14
1.67
0.74
1.1
-0.2
0.74
0.94
0.67
0.65
0.34
0.34
1.46
0.53
1.29
1.01
0.37
0.53
0.97
0.65
0.1
0.62
2.24
0.49
0.08
1.1
0.71
0.84
0.55
0.8
-0.1
0.76
0.4
0.7
1.22
0.78
0.1
1.35
0.7
1.1
0.56
0.57
0.75
0.95
0.83
0.2
0.28
2.04
1.19
1.23
0.98
-0.2
1.02
1.24
0.67
1.15
1.39
1.6
0.1
0.4
0.44
1.18
1.27
1.4
1.08
0.08
0.64
1.1
0.85
1.92
1.13
-0.13
0.85
0.64
0.87
1
0.83
0.36
0.46
0.68
1.69
0.8
1
0.38
1.6
0.3
0.5
0.12
0.66
1.44
0.3
0.15
0.28
1.58
1.06
1.34
0.74
1.01
1.15
0.66
1.76
1.3
0
1.26
1.13
1.1
0.4
1.8
1.06
0.9
0.98
2.12
0.64
0.65
0.23
-0.08
1.16
2.8
0.87
-0.2
1.32
0.74
2.64
0.66
1.2
1.78
0.1
0.72
0.7
1.3
0.14
0.59
1.15
0.64
0.68
2.8
0.56
1.09
1.13
0.93
1.03
0.15
0.44
1.6
0.4
1.48
1.09
0.72
1.28
1.36
0.94
0.56
1.78
0.35
0.93
1.22
1.4
0.95
0.68
1.73
0.74
2.09
0.98
0.4
-0.1
1.27
0.22
0.19
1.77
1.08
1.4
0.58
0.76
1.31
1.21
0.51
0.43
-0.06
0.27
1.19
1.79
2.32
0.36
-0.28
0.7
1.31
0.87
1.11
1.65
0.9
0.38
0.96
1.07
1.63
2.67
0.87
0.55
1.71
1.17
0.55
1.93
0.69
1.39
1.42
0.95
0.49
1.88
0.83
1
1.06
0.7
0.43
0.57
0.72
0.22
1.1
0.3
0.87
1.3
0.37
0.43
0.7
1.93
1.67
0.5
0.36
0.61
0.68
1.16
0.85
1.8
0.4
1.01
0.2
0.2
1.17
0.84
0.56
2.22
0.34
1.32
0.6
0.96
0.59
1.6
0.99
0.73
1.11
1.37
0.89
1.29
0.96
1.44
0.28
0.54
2.56
1.27
0.72
0.99
1.44
1.25
2.25
1.68
1.21
0.76
0.9
1.23
0.59
1.01
-0.1
0.3
0.89
0.98
0.84
1.17
0.55
0.4
1.67
0.34
0.97
1.7
0.55
1.75
1.1
0.54
0.7
1.51
0.7
0.97
1.31
0.98
0.88
1
0.2
0.73
1.15
1.22
1.89
1.05
0.39
1.62
1.16
0.35
1.71
1.02
1.6
0.33
1.2
0.4
0.96
1.61
1.23
0.3
0.5
1.06
0.61
0.27
0.9
1.22
0.98
0.68
0.02
1.37
0.82
0.51
1.01
1.69
1.15
1.6
1.05
1.1
1.12
1.43
0.73
0.39
0.74
0.47
0.32
0.87
2.15
1.72
0.78
2.08
1.7
1.24
0.66
1.34
1.38
1.52
0.4
1.76
2.44
1.82
1.39
1.48
1.15
1.45
1.19
1.46
1.5
0.38
1.03
1.96
1.12
1.35
0.49
1.31
1.38
0.43
0.37
0.89
0.87
1.75
1.87
1.36
0.5
0.3
0.34
1.06
1.21
2
0.19
1.84
0.73
-0.39
1.06
0.66
0.4
1.1
1.33
0.75
0.33
1.65
2
1.5
1.5
1.72
1.9
0.58
1.65
0.64
0.63
-0.1
0.65
1.9
1.86
2.59
0.97
0.38
1.18
0.8
1.35
1.49
0.9
1.97
1.83
-0.3
0.38
0.1
0.6
-0.1
0.64
1.73
1.37
0.1
1.41
1.12
0.96
0.84
1.94
2.24
1.35
1.4
0.31
0.9
0.8
1.56
1.61
0.66
0.61
0.46
1.58
0.69
1.03
2.32
0.36
0.37
2.3
0.39
1.7
1.47
1.56
1.04
0.15
1.34
0.97
-0.1
-0.3
0.92
0.1
1.23
1.21
0.81
0.32
1.01
1.93
1.42
1.01
1.99
0.54
-0.4
1.21
0.85
1.07
0.19
1.13
-0.4
1.78
0.7
1.12
1.44
0.88
0.71
1.06
1.81
1.53
2.62
1.01
1.35
1.19
0.5
-0.3
0.5
0.53
1.48
1.2
0.72
1.23
0.8
0.34
-0.3
0.44
1.34
0.12
0.8
1.7
0.2
1.24
0.67
-0.2
0.72
0.72
0.68
0.5
-0.09
0.94
2.34
-0.02
0.22
1.01
1.13
0.1
0.1
2.46
1.1
1.2
1.5
0.77
0
0.91
0.8
1.86
0.34
0.36
0.9
1.31
0.89
0.73
0.47
0.7
1.34
1.25
1
0.08
0.48
0.86
0.8
1.09
0.6
1.46
0.36
0.79
1.25
1.12
0.26
0.51
0.61
1.9
0.22
1.65
0.82
2.13
0.41
2.7
1.34
0.7
0.61
1.29
1.2
0.63
2.54
0.94
0.78
0.5
0.61
1.5
1.08
0.74
0.34
0.91
0.84
-0.1
1.03
0.59
1.57
0.84
1.96
0.9
0.42
0.67
3.25
1.53
0.93
0.91
0.65
1.12
0.77
1.17
0.4
0.98
0.83
0.83
0.2
0.87
2.57
1.24
1.06
0.74
0.53
0.42
1.55
1.01
0.89
0.97
0.22
0.06
1.12
0.33
0.43
0.98
0.54
-0.04
0
0.9
0.96
1.2
2.04
0.87
1.19
1.3
1.82
1.85
1.25
0.38
0.92
0.65
1.9
2.21
1.19
0.97
0.19
1.22
1.12
1.62
0.41
0.91
2.02
1.16
-0.4
0.5
2.26
1.08
0.65
0.85
0.89
0.65
2.27
1.25
1.96
1.48
0.57
0.19
1.84
1.08
0.55
1.11
2.1
1.26
1.16
0.92
0.98
2.5
1.04
0.56
0.82
1.13
1.28
1.07
2.15
2.47
1.38
2.09
1
0.57
1.67
2.57
0.68
0.2
1.19
0.4
0.54
1.29
0.69
0.6
1
0.31
0.9
0.55
1.3
1.27
1.32
1.33
1.02
1.54
1.24
1.1
2.73
0.3
1.06
1.77
1
0.3
0.84
0.91
0.74
0.75
0.84
0.67
1.13
1.06
0.63
0.94
-0.13
0.38
0.87
-0.09
1.58
-0.05
0.99
1.18
1.03
0.8
0.81
1.78
1.14
1.56
1.84
0.4
1.09
1.27
0.74
0.59
0.92
1.79
2.04
0.88
0.15
0.47
1.54
0.39
0.53
0.35
0.8
1.22
1.68
0.24
1.39
1.06
0.93
0.96
1.03
0.23
1.79
1.13
0.01
0.3
0.57
-0.02
0.25
2.18
1.28
0.84
0.86
0.97
0.41
0.92
1.39
1.36
0.96
0.75
0.76
1.19
1.02
2.81
2.35
0.6
0.12
0.62
1.32
0.93
0.71
2.32
0.32
0.56
0.15
1.01
0.39
1.22
0.84
0.9
1.18
0.35
1.61
0.96
1.02
0.83
1.01
1.34
0.76
0.66
0.55
1.04
0.78
1.04
0.17
0.84
0.93
0.28
0.2
2.36
0.96
1.43
1.8
0.44
0.79
1.99
2
0.7
0.76
0.92
0.07
-0.4
0.37
0.47
2.4
0.5
1.45
0.95
0.63
0.97
0.6
1.47
2.68
1.07
0.86
0.32
1.2
1.18
0.75
2.31
0.53
0.68
0.23
1.9
1.21
0.72
0.53
1.4
0.82
0.07
1.4
0.56
0.33
0.09
0.56
1.23
1
-0.3
-0.5
0.83
0.1
0.95
0.78
1.12
1.21
0.96
0.75
1.36
1.6
1
0.15
0.5
0.3
0.1
0.9
0.58
0.62
1.14
0.54
0.93
1.76
0.98
0.56
0.82
1.08
1.64
0.55
0.31
0.2
0.69
0.25
0.3
0.4
0.38
0.37
0.71
0.27
0.97
1.07
1.72
0.67
0.5
0.49
1.45
0.6
1.85
0.68
0.57
1.06
0.43
0.76
0.72
1.17
0
0.84
1
1.74
0.27
1.14
1.67
1.31
0.45
1.29
1.08
0.4
0.36
0.67
-0.5
1
0.58
1.26
0.9
0.78
0.28
0.5
1.33
1.23
1.55
0.87
1.13
1.08
0.81
1.01
0.79
1.19
0.9
0.98
0.57
0.81
2.59
1.03
0.52
0.56
0.88
1.89
0.97
1.11
0.08
1.67
0.68
1.5
0.1
2
0.62
0.4
0.89
0.9
0.36
0.92
0.37
0.2
0.2
0.87
1.95
0.32
0.96
0.96
1.5
-0.5
0.5
0.8
0.74
1.29
2.16
1.6
0.65
1.51
1
0.75
0.1
1.19
1.91
0.54
1.67
0.79
0.21
1.26
0.67
0.39
0.7
1.18
1.19
0.66
0.88
1.62
0.74
-0.07
-0.02
0.98
1.61
0.62
1.09
0.4
0.58
0.34
1
0.64
0.22
0.51
1.02
1.59
0.9
2.43
0.96
0.9
0.78
0.66
0.47
1.23
0.77
0.95
0.84
0.64
0.4
0.91
0.4
1.38
0.8
1.29
0.98
1.68
1.17
0.57
0.46
1.86
0.55
0.5
1.11
1.11
0.85
2.51
1.64
0.62
0.5
1.32
1.28
0.69
0.55
0.23
0.61
0.07
0.25
0.46
0.64
0.94
0.79
0.77
2.03
0.9
0.82
0.79
1.71
0.87
0.7
1.01
1.32
0.37
0.23
0.71
1.02
1.15
1.78
0.95
0.7
1.63
0.39
0.62
0.91
0.7
0.54
0.65
0.4
0.6
2.84
1.03
0.7
0.24
0.19
0.71
0.73
0.79
0.9
0.44
0.57
0.06
0.49
1.3
0.55
0.9
1.39
0.57
1.31
0.91
0.8
1.13
-0.07
1.28
1.11
0.93
1.02
1.85
1.28
0.37
1.37
0.35
0.38
0.7
1.72
0.73
0.03
0.55
0.84
0.43
0.88
0.37
0.46
0.33
0.51
0.04
0.48
0.57
0.8
1.43
0.69
0.84
1
0.92
1.3
2.18
0.4
0.57
1.12
0.87
0.74
1.63
0.49
1.54
0.97
0.8
1.65
1.6
1.05
0.93
0.97
0.5
0.16
1.04
0.78
0.74
1.49
0.8
0.61
1.07
0.85
0.97
0.46
0.85
0.58
0.88
0.73
0.85
1.11
0.43
0.41
0.81
0.77
0.31
1.18
0.69
0.93
0.34
0.7
1.12
1.02
1.1
0.89
0.7
0.7
0.64
2.34
1.22
2.92
1.91
0.61
0.75
0.34
1
0.36
0.5
0.72
0.71
0.86
1.93
0.57
3.09
1.07
0.98
2.06
0.56
1.11
1.05
0.33
0.81
0.75
2.78
0.94
1.01
0.46
0.78
0.84
0.02
0.54
0.77
0.99
2.17
0.75
0
0.93
2
1.51
0.11
0.66
1.14
0.95
1.05
-0.05
0.5
0.74
1.09
0.61
1.09
0.72
2.03
2.29
0.1
0.86
1.15
0.94
0.39
1.3
1.44
0.83
0.68
0.9
0.61
1.58
0.06
1.69
1.27
-0.26
1.39
1.03
0.7
1.77
1.04
0.49
0.85
0.71
0.37
0.91
0.46
0.99
0.56
-0.05
0.23
0.51
1.07
0.65
1.65
0.6
0.57
0.11
0.93
2.45
0.95
0.72
0.32
0.56
1.59
0.7
0.9
1.13
-0.01
1.54
0.7
1.51
0.64
1.64
0.42
0.38
0.54
1.06
0.29
0.9
1.18
0.91
2.54
0.36
0.8
1.53
1.8
0.79
1.12
0.68
1.43
0.37
0.45
1.15
0.09
0.88
1.25
1.14
1.09
-0.18
1.6
0.96
0.63
0.25
0.02
0.42
0.24
0.78
0.53
0.87
0.88
0.88
1.62
0.98
0.54
0.38
0.25
1.11
0.88
0.68
0.44
0.75
1.26
0.18
-0.2
0.93
0.77
0.9
1.1
1.67
0.74
0.95
0.61
0.4
0.65
0.76
0.16
0.92
0.8
0.71
0.32
0.35
0.97
0.4
1.4
0.29
0.61
0.53
0.07
1.14
0.53
0.55
-0.06
0.38
1.32
0.44
0.65
0.71
0.65
1.53
0.62
0.72
1.28
0.81
2.23
0.58
0.75
1.01
0.62
1.49
0.39
0.98
0.42
0.93
0.58
1.05
0.97
0.46
0.32
0.61
0.32
0.89
0.9
0.64
1.89
0.76
0.62
1.86
0.75
0.62
0.93
0.39
1.46
0.11
-0.21
0.58
1.05
1.09
0.89
0.59
0.59
1.87
1.02
0.68
1.13
0
0.54
0.88
0.25
0.87
0.69
1.1
1.02
0.43
1
1.15
0.78
1.19
1.09
0.69
1.04
0.52
1.27
0.57
1.56
0.58
0.66
0.88
1.02
1.19
1.61
1.2
0.62
2.01
1.19
1.1
0.67
0.66
1.32
1.11
0.56
2.13
1.19
0.72
0.6
0.64
0.7
0.78
1.3
1.73
0.53
0.77
0.57
0.71
-0.3
0.89
0
0.88
0.56
1.01
1.22
0.77
0.74
0.78
0.6
0.89
0.85
1.15
0.7
0.53
0.69
0.83
0.44
1.16
1.07
0.44
1.48
0.93
0.82
0.9
0.67
1.83
0.6
1.19
0.8
0.65
-0.5
0.72
1.04
1.27
0.87
1.02
1.59
2.18
1.05
0.81
0.67
0.62
0.5
1.14
0.19
0.87
0.92
0.89
2.15
0.72
0.61
0.93
1.79
1.61
0.91
0.84
0.83
1.3
1.07
0.88
1.33
0.56
0.88
0.97
1.9
1.65
3.54
1.28
1.45
0.92
2.59
0.89
0.82
0.68
0.68
1.12
1.38
0.92
0.5
0.9
0.66
0.59
0.95
1
1.8
0.33
0.66
0.69
0.66
0.4
1.27
0.51
0.76
0.66
2.76
1.07
0.88
0.5
1.02
1.37
1.78
0.97
1.4
1.15
0.88
0.59
0.67
0.8
0.92
1.52
1.04
0.52
0.79
0.79
0.65
0.77
1.52
0.64
1.14
0.6
0.11
0.38
0.06
0.6
1.36
0.56
1
0.94
0.85
0.5
0.38
0.62
0.38
0.63
0.56
0.2
0.87
0.8
1.21
0.67
1.9
1.49
0.62
1.21
0.79
0.05
-0.2
1.09
1.57
0.63
0.15
0.24
0.6
0.43
0.99
0.7
0.44
0.87
1.65
0.3
1.84
1.16
0.56
1.01
0.52
-0.4
0.94
0.6
2
0.63
0.79
0.72
1.37
0.75
0.45
0.6
1.33
0.28
1.16
0.79
0.67
0.82
0.93
1.47
0.56
0.89
0.56
0.74
2.06
0.41
0.66
0.7
1.05
1.01
1.21
0.24
0.3
1.03
0.28
0.34
1.25
0.67
0.63
0.65
0.81
0.31
0.63
0.73
0.4
0.37
1.57
0.98
0.4
0.69
0.73
1.07
1.1
1.67
1.34
1.96
0.76
0.27
1.43
1.33
0.7
0.38
1.54
1.31
0.33
0.68
0.51
1.55
1.39
0.18
0.19
1.23
1.44
1.04
0.81
1.82
0.66
1.3
0.5
1.25
0.86
0.82
1.09
0.28
1.12
0.92
1.38
-0.3
0.43
0.37
0.3
0.91
0.33
2.48
1.65
0.89
2.12
1.88
0.77
1.18
0.34
0.09
0.78
0.9
0.24
0.72
0.66
0.78
2.38
1.46
1.73
1.12
0.97
0.72
0.91
1.03
1.4
0.3
-0.06
1.76
0.4
1.02
1.28
0.8
0.7
1.6
0.63
1.2
1.16
2.32
0.46
0.56
1.6
-0.1
1.9
1.43
1.29
1.02
0.6
2.1
1.76
1.17
2.63
0.7
0.4
0.48
0.91
1.87
1.98
1.09
0.83
1.02
0.38
1.2
1.06
1.26
-0.09
0.06
0.29
0.24
1.48
1.16
1.5
1.73
1.4
0.95
1.16
1.68
0.89
0.79
0.9
0.69
0.7
0.89
0.57
1.13
2.28
0.47
0.4
0.69
0.04
0.43
1.22
0.56
1.06
0.77
0.96
1.51
0.56
0.14
0.5
1.41
0.9
0.84
1.66
1.06
0.56
2.2
0.7
0.63
0.8
1.53
0.9
0.2
1.34
0.8
0.58
1.17
0.9
0.64
0.3
0.85
0.2
-0.3
1.52
0
0.5
0.98
2.9
0.66
0.95
0.98
0.87
2.36
1.2
1.86
1.4
0.43
1
0.89
1.17
0.77
0.78
1.14
1.51
0.9
0.29
0.44
1.36
0.08
0.68
2.45
0.33
1.23
0.39
1
1.02
0.91
0.89
1.43
1.63
1.08
0.8
0.36
1.68
1
0.42
0.19
0.9
1.67
1.42
0.89
0
1.78
1.3
0.99
0.92
1.6
1.43
0.6
0.79
0.48
1.08
2.45
0.37
0.6
0.82
1.33
0.56
1
0.4
0.35
1.25
2.21
0.61
1.19
1.42
0.27
1.83
1.94
1.73
0.56
0.4
0.83
0.56
1.21
1.03
1.4
2.37
0.3
1.14
1.04
0.54
2.06
1.4
1.71
1.11
0.2
1
0.8
0.86
0.02
0.95
0.85
0.3
1.17
1.46
0.68
1.15
1.62
1.76
1.15
1.33
0.53
2.17
0.72
1.26
0.55
0.1
0.55
1.06
0.99
0.39
0.56
0.1
0.9
1.55
0.92
0.4
1.24
1.25
0.71
1.33
0.88
1.16
1.03
1.91
0.55
2.11
0.78
1.13
1.2
0.87
0.65
1.2
2.15
1.99
0.74
1.14
1.63
1.71
1.53
1.26
0.1
1.63
0.24
0.74
-0.4
1.28
1.63
0.62
1.15
0.84
0.61
1.23
0.65
1.62
1.71
1
0.57
1.05
0.32
0.36
1.1
1.04
1.93
0.72
1.05
0.89
0.34
1.05
0.88
0.87
0.77
1.39
0.95
2.18
1
0.53
-0.4
0.47
0.59
0.85
0.34
0.97
0.84
0.2
1.69
0.81
0.86
0.68
0.88
1
1.11
0.25
0.55
1.06
0.3
0.84
0.77
0.2
0
0.37
0.99
-0.1
0.27
0.1
1.94
0.14
0.25
1.66
0.73
0.79
0.48
1.29
0.59
0.35
0.89
0.31
1.69
0.82
0.71
0.4
0.99
0.2
1.24
0.73
1.42
0.89
1.15
0.58
1.26
2.1
0.9
0.97
1.02
0.52
0.9
0.83
0.38
0.46
0.79
0.19
1.21
0.98
1.56
0.83
0.56
0.85
1.48
0.49
0.92
0.32
0.63
0.24
0.44
0.74
0.06
-0.1
0.16
1.57
1.65
1.15
1.43
0.49
0.36
1.42
-0.1
1.18
0.91
0.69
1.4
0.93
0.9
1.52
0.51
0.23
0.31
0.43
0.22
0.69
1.1
2.48
0.26
0.9
1.33
0.82
0.31
0.68
-0.33
0.68
1.03
-0.5
2.07
1.38
1.15
0.9
0.78
0.87
0.74
1.59
1.73
1.44
1.15
1.43
1.27
0.3
0.86
0.12
0.56
0.52
0.8
0.08
0.75
0.98
0.46
0.09
0.78
-0.13
0.57
0.35
0.58
0.64
0.3
0.81
0.44
0.72
0.76
0.48
2.86
0.56
1.51
0.32
0.8
0.7
1.31
0.68
0.45
0.58
1.25
0.57
0.94
0.37
0.45
0.68
0.41
0.84
0.55
1.76
0.43
0.55
0.55
0.54
0.68
1.14
0.76
1.19
1.73
0.79
1.13
0.95
1.38
1.67
0.41
0.73
0.77
1.75
0.86
0.3
0.46
1.6
1.56
0.92
0.73
0.99
-0.05
0.7
1.3
0.7
1.08
-0.02
1.38
0.53
1.91
0.01
0.56
0.91
1.12
0.49
0.64
0.55
1.26
1.52
0.79
1.15
0.83
0.64
0.85
1.32
1.2
0.47
-0.1
0.56
0.61
2.29
0.56
0.94
0.35
0.67
0.55
0.55
0.92
0.23
1.47
0.48
0.98
1.09
1.67
0.83
1.2
1.2
0.74
1.06
0.6
0.49
-0.2
1.12
0.4
1.72
0.82
1.18
0.93
1.39
0.58
1.27
1.25
0.8
1.54
1.97
0.9
1.79
0.59
0.97
2.92
1.61
0.14
0.32
0.96
1.37
0.61
0.78
0.85
1.15
0.75
0.56
0.56
0.77
1.25
1.51
0.7
1.01
0.97
0.93
0.7
0.91
1.23
1.72
1.1
0.72
1.56
0.89
0.95
0.88
1.33
1.03
1.2
0.69
0.4
1.22
0.15
0.36
1.53
0.35
1.61
0.76
1.69
1.22
0.9
0.56
0.71
0.89
0.85
1.12
0.51
0.77
0.95
0.93
0.4
0.83
0.89
0.84
1.14
0.6
0.66
0.08
0.74
0.87
1.65
0.67
0.25
1.48
1.13
1.67
0.54
0.51
0.86
0.41
0.67
1.13
0.5
0.42
0.98
0.37
0.99
2.55
1.86
0.87
3.02
0.6
0.42
0.51
0.38
0.3
0.42
0.6
0.69
-0.1
1.34
0.4
0.87
1.03
0.95
0.62
0.75
0.87
0.87
0.45
0.67
1.1
0.48
0.66
1.14
0.56
0.38
0.84
0.25
1.09
1.71
1.19
0.73
0.94
0.89
0.94
0.07
0.55
0.77
0.26
0.7
0.31
0.3
0.39
0.96
0.83
0.75
0.78
0.33
0.73
0.43
1.42
0.9
0.63
0.5
0.3
-0.06
0.4
0.68
0.76
1.4
0.29
1.05
1.67
0.42
0.56
1.7
0.67
0.73
0.87
1.63
1.73
1.28
1.48
1.87
1.43
1.2
1.13
0.68
1.84
0
0.58
0.7
2.03
3.1
1.04
0.9
0.44
1.09
1.25
1.64
1
1.57
0.95
1.1
0.91
0.79
-0.2
2.23
1.31
1.02
1.22
2.36
1.73
1.53
0.55
-0.3
0.93
0.69
0.34
1.01
1.74
1.54
0.99
1.02
1.17
0.71
-0.1
0.91
1.06
-0.3
1.33
2.43
2.05
1.07
1.12
0.42
1.9
0.54
1.01
1.05
1.13
0.89
0.93
1.05
1.01
0.98
0.79
0.91
0.49
1.16
0.75
1.85
1.72
0.65
0.49
0.46
0.78
0.75
0.85
1.39
1.38
0.63
0.49
1.62
2.75
1.39
0.97
1.52
1.73
1.04
1.08
0.43
0.5
0.38
1
1.13
1.07
3.59
1.89
1.52
1.64
0.71
1.7
1.57
0.86
2.17
0.99
0.77
0.73
0.6
0.82
0.3
0.57
0.03
0.99
0.06
1.16
0.91
0.5
0.7
0.24
0.69
0.43
0.9
0.68
0.79
1.19
1.2
0.66
0.94
0.97
1.33
0.5
1.6
0.55
-0.3
-0.1
1.44
1.08
0.66
0.33
0.44
0.39
1.48
0.87
0.82
1.05
2.1
0.79
1.02
1.09
0.72
-0.1
1.43
1.09
0.98
0.63
2.31
0
0.95
1.91
0.84
0.99
0.75
0.75
0.79
1.01
1
1.23
0.87
1.15
2.49
0.75
1.74
1
1.4
1.22
1.48
0.83
0.38
1.12
0.29
1.13
1.34
0.95
2.69
1.03
0.38
0.72
-0.2
0.5
0.14
1.94
0.68
1.55
0
-0.21
1.72
0.3
1.24
2.22
0.76
1.03
1.9
0.68
0.75
1.12
0.53
0.38
1.45
1.1
1.82
1.83
1.09
0
0.07
0.89
1.55
1.6
0.88
1
1.35
1.64
0.82
0.96
1.03
0.77
0.4
1.46
0.97
0.49
-0.32
1.57
1.72
0.9
1.21
1.87
0.72
0.39
1.06
1.4
0.94
1.2
1.4
1.2
1.24
0.38
0.59
0.79
1.55
1.97
1.5
1.2
1.3
1
0.91
0.55
0.7
1.36
0.8
0.44
1.24
1.59
1.5
1.36
2.28
2.91
1.31
1.39
2.06
0.95
1.53
0.83
1.12
0.3
1.43
1.07
0.64
0.87
3.49
0.9
1.88
0.69
