mag
1.05
0.85
1.79
1.83
1.75
1.57
1.21
1.53
0.39
1.19
1
1.13
1.3
1.37
0.86
1.29
0.98
0.83
1
1.25
1.83
1.49
0.35
1.06
2.77
2.18
0.51
1.07
0.88
1.39
1.03
0.65
1.76
2.44
1.46
1.6
1.47
1.36
1.7
2.5
2.2
1.63
1.45
1.15
1.13
1.77
0.72
0.76
1.3
0.9
0.92
2.72
0.95
1.09
1.34
1.01
1.43
1.4
1.33
2.9
1.94
1.49
1.23
3.61
1.36
1.67
1.83
1.21
1.24
1.3
1.22
0.72
1.24
1.5
1.18
1.18
2.62
1.18
1.3
1.11
1
2.18
0.7
0.5
1.1
0.36
0.9
1.4
1.13
0.71
0.9
1.3
0.6
1.54
2.26
3.26
3.55
1
0.85
0.85
1.98
0.7
0.37
0.92
1.2
1.47
0.46
0.96
0.36
0.86
0.37
1.2
1.6
0.85
1.11
1
0.74
2.56
0.26
1.1
0.85
0.37
0.85
1.64
1.29
2.83
1.2
2.5
0.52
0.9
0.66
0.85
2.07
1.3
1.78
1.19
1.4
0
0.68
1.19
0.7
0.72
0.58
1.33
1.34
1.2
1.8
0.25
1.77
1.49
1.99
1.8
0.76
0.62
1.34
0.9
0.99
1.62
1.55
3.25
1.6
1.89
0.39
1.18
2.04
0.83
1.39
0.89
2.5
0.73
0.92
0.85
1.6
1.92
1.45
0.7
1.6
0.85
0.5
0.97
1.31
1.84
1.76
0.45
1.4
1.45
1.39
0.66
0.84
2.29
2.67
1.5
1.6
0.95
0.54
2.1
1.2
1.82
0.8
0.84
0.61
0.73
1.07
1.49
2.75
0.46
2.33
1.9
2.21
0.6
1.5
0.84
0.9
2.85
0.61
0.9
1
0.85
0.74
0.85
1.11
1.9
1.41
0.85
0.85
0.8
1.4
1.11
2.6
1.22
0.8
0.83
1.41
0.59
1.64
0.85
1.57
1.85
0.6
0.8
1.48
0.85
0.85
0.85
0.46
0.46
0.8
0.85
1.07
1.04
0.85
0.97
1.63
0.85
1.9
1.05
0.75
0.63
1.6
0.94
1.13
0.35
0.8
1.99
0.91
0.85
0.85
0.8
0.35
0.77
0.64
1.02
0.85
1
1.14
0.55
0.36
1.12
1.39
0.8
1.21
2.73
3.23
1.25
0.94
1.5
1
3.6
1.01
1.84
1.01
0.86
0.82
0.96
1.01
3.5
0.55
0.31
0.96
1.43
0.84
1.59
0.88
1.7
3.46
1.15
1.56
1.76
0.46
1.47
1.13
1.21
1.99
0.35
1.49
0.89
1.73
1.38
0.82
1.68
0.46
1.08
1.75
0.05
2.22
1.62
0.78
1.62
1.68
1.8
1.9
0.72
1.6
0.85
1.43
2.09
0.85
2.1
1.01
0.91
0.97
0.36
1.6
1.7
1.7
0.82
2.54
0.79
0.56
-0.2
0.84
1.77
1.74
0.78
0.8
0.64
1.28
1.18
1.31
0.97
1.6
1.4
3.24
1.3
0.7
1.08
1.2
1.23
2.5
0.6
1.38
1.1
0.57
0.26
1.97
0.8
0.88
0.68
0.94
1.12
0.77
1.27
0.63
0.31
0.73
0.85
1.04
0.89
0.91
0.74
1
1.31
1.18
0.6
0.61
0.32
2.04
1.74
1
1.77
-0.58
1.3
0.61
0.12
2.37
1.16
0.7
0
0.85
0.5
-0.23
1.37
0.91
2.5
1.1
2.2
1.31
3.36
1.92
1.18
0.86
0.87
1.84
0.88
2.3
1
2.1
1.61
2.03
1.92
1.29
1.88
0.61
0.46
1.18
1.19
1.63
2.16
0.22
2.76
1.7
0.71
1.35
2.4
0.66
2.01
1.4
1.86
1.49
1.08
1.6
0.9
0.81
2.2
0.82
1.56
1.7
1.17
1.57
0.9
1.74
1.1
1.59
1.25
2.06
1.57
1.24
0.5
0.37
0.71
0.47
1.63
0.41
0.43
3.2
0.12
1.02
0.22
0.55
0.46
0.19
0.02
0.19
0.69
0.77
2.41
0.88
0.52
0.95
1.57
1.38
1.84
1.57
0.97
-0.17
0.58
0.8
0.84
0.65
1.7
-0.05
0.75
1.56
1.88
2.32
1.06
0.4
3.2
1.51
2.3
1.81
0.85
1
1.17
1.98
1.01
2.39
0.4
1.4
0.56
3.22
1.22
0.27
1.3
1.62
1.4
2
0.94
2.03
0.84
1.69
3.2
0.37
0.37
0.85
1.76
0.85
1.17
0.86
1.84
1.29
1.55
0.4
1.8
1.1
0.86
0.65
0.59
1.59
1.6
-0.09
0.56
0.61
1.47
1.55
1.31
1.38
0.24
2.03
1.16
0.85
1.06
0.7
1.09
0.88
0.95
1.74
4
0.84
1.92
0.71
0.35
1.31
0.85
2.19
2.2
1.71
0.5
0.95
1.09
1.01
0.63
1.37
1.53
1.36
1.41
0.9
3.4
0.87
0.78
0.71
2.9
1.9
1.47
1.48
1
0.61
0.15
0.96
2.27
1.89
1.61
1.84
1.75
2.01
0.87
0.39
0.64
0.97
1.54
1.3
1.77
1.56
0.64
2.05
1.06
0.86
1.85
0.36
0.69
1.58
0.75
0.78
1.52
0.81
0.26
1.98
2.2
0.84
1.03
1.96
0.74
1.25
0.14
1.4
1.43
1.2
1.66
0.91
1.64
1.5
1.18
0.7
0.85
0.82
1
0.63
1.39
0.62
0.58
1.4
1.12
2.37
0.85
1.59
1.82
-0.19
-0.04
1.75
1.94
0.79
1.46
0.84
0.92
0.92
0.78
0.91
1.26
0.94
1.61
1.86
1.32
0.84
1.7
1.68
0.63
0.41
2.1
0.43
2
0.49
1.34
0.9
1.6
0.92
1.1
0.9
0.73
1.23
2.02
0.98
1.47
1.59
2.56
1.2
1.93
1.23
0.65
0.7
0.69
0.4
2.36
1.45
1.57
1
1.35
1.02
1.2
1.33
1
0.85
2
0.95
1.6
2
1.34
0.3
1.4
1.62
0.8
1.56
2.23
0.41
1.58
0.65
1.5
0.97
0.85
3.73
2.77
0.8
2
0.95
0.63
2.3
2.9
1.03
1.56
1.22
0.38
3.1
1.1
0.56
1.47
1.1
1.57
1.23
1.08
1.49
1.59
1.45
0.75
1.68
0.9
0.91
1.99
2.73
1.06
1.3
1.5
1.24
1.09
1.2
0.86
0.55
1.1
1.37
1.28
1.5
0.95
1.18
1.64
3.39
0.46
0.53
0.68
1.89
2.08
0.93
0.65
0.36
1.12
0.94
1.03
1.89
1.2
0.35
1.43
1.4
2.1
1.5
0.48
0.56
1.56
0.38
2.4
1.39
2.89
1.3
1.31
0.56
2.67
1.47
1.19
0.85
0.83
0.84
2.8
1.05
1.3
0.87
1.43
0.81
1.44
2.9
1.83
1.64
1.81
1.26
1.43
0.33
1
1.49
0.43
1.06
1.57
1.16
1.58
0.99
0.85
1.34
1.1
1.41
2
0.57
0.52
0.7
1.52
2.78
2.11
1.34
2.3
1.08
2.19
1.61
1.99
1.76
0.2
1.36
1.07
1.49
0.99
1.37
1.81
1.6
0.56
1.91
0.81
1.79
0.42
2.5
0.85
1.12
1.27
2.21
1.17
1.7
1.2
0.78
0.81
0.5
1.48
2
0.75
0.25
1.43
0.19
0.9
0.9
0.3
0.17
0.77
1.07
0.11
0.87
0.42
1.4
0.38
2.4
1.3
2.26
1.09
1.26
1.08
1.36
1.47
1.88
2.36
2.4
1
1.3
1.24
2.08
0.3
0.89
0.33
1.84
1.25
0.78
1.67
2.7
0.62
0.66
1.4
2.4
1.47
1.38
1.32
1.71
1.8
1.62
1.91
1.21
2.21
1.46
0.8
0.94
1.4
1.11
1.29
0.76
1.42
1
1.26
1
1.85
1.59
0.81
1.6
1.48
1.51
1.37
0.55
1.88
1.4
1.74
2.3
2
0.66
1.69
0.93
1.13
2.08
1.85
0.11
1.62
0.21
0.86
2.48
0.1
1.75
0.3
1.95
1.65
1.03
0.35
0.74
0.98
0.11
0.33
1.13
1.24
1.78
1.62
1.91
1.54
1.08
-0.49
1.8
0.09
0.05
2.21
-0.67
1.04
0.28
1.45
0.46
1.77
-0.61
0.82
1.41
0.12
0.19
0.26
0.53
1.08
1.07
0.19
0.2
1.75
1.36
0.2
0.76
0.48
1.4
1.05
1.3
1.61
1.66
1.3
0.15
1.43
0.36
1.08
1.24
-0.4
1.2
0.35
0.2
1.31
1.62
-0.1
-0.1
0.1
0.31
0.7
0.96
0.93
1.02
1.9
0.4
0.5
-0.12
1.17
0.83
0.13
0.24
1.15
0.84
1.12
0.55
2.89
2.58
0.61
0.24
1.49
1
1.38
3.44
2.76
0.91
0.51
-0.43
1.64
0.8
1.2
1.48
1.4
1.06
0.92
2.16
3.2
3.5
1.43
1.1
1.19
0.99
-0.78
2.51
1.04
0.99
0.4
1.3
0.17
0.16
0.79
1.08
2.03
0.87
0.71
2.33
0.07
0.7
0.86
1.53
0.96
1.46
0.73
0.93
1.19
1.83
1.22
0.31
1
1.05
1.6
1.4
0.87
0.36
1.23
1.09
2.6
2.29
0.84
0.41
0.13
0.28
0.13
0.47
0.61
0.82
0.66
0.81
0.12
0.13
0.8
0.47
0.11
0.9
1.75
1.13
2.49
0.58
0.86
1
0.7
0.78
0.6
1.26
0.42
1.81
2.51
2.9
1.1
0.66
1.76
1.15
1.69
1.78
0.75
1.2
0.91
1.4
0.15
1.2
1.75
1.03
1.29
-0.04
1.5
1.93
2.69
1.68
0.39
0.38
2.1
1.45
0.87
0.84
2.44
0.94
0.68
1.01
2
1.18
1.87
1.01
2.15
2.44
1
1.02
0.99
0.71
3.4
0.73
1.3
0.52
0.57
1.91
0.88
1.4
0.84
2
2.9
0.84
2.9
0.85
1.97
1.11
0.96
0.9
0.67
0.91
2.44
1.58
1.52
0.9
0.99
1.52
0.6
1.19
0.42
1.17
1.01
1.37
1.26
0.84
0.59
0.23
0.78
0.47
0.86
2.43
1.88
0.99
1.2
1.18
1.72
0.76
0.97
1.39
0.01
0.84
1.93
1.06
1.27
0.82
1.61
1.22
2.32
1.1
0.75
1.16
1.22
3.98
0.4
0.5
1.74
0.32
0.86
1.99
1.15
0.61
1.28
1.86
0.84
0.55
0.64
1.55
0.23
0.15
0.46
0.82
0.61
1.1
0.52
1
0.84
1.23
0.3
0.9
1.63
1.56
0.6
1.1
0.1
1.07
0.84
0.7
0.86
1.7
1.77
1.15
0.86
1.6
0.72
1.92
1.26
1.03
0.45
0.19
1.1
2.05
0.58
0.7
0.1
0.9
1.08
0.92
0.3
1.2
0.93
0.6
0.58
1.5
-0.2
0.63
1.25
0.38
0.6
0.9
0.8
1.24
0.49
1.8
0.8
0.85
0.99
1.1
0.11
1.2
1.29
1.01
1.3
2.3
1.63
0.36
1.4
0.87
0.89
0.83
1.3
1.28
0.99
1.78
2.83
1.74
0.86
2.28
2.22
2.3
0.8
1.07
0.1
2.5
0.85
1.2
0.85
1.42
-0.1
0.79
1.54
1.36
0.66
0.47
2.82
1.33
1.8
1.91
2.76
1.1
1.89
1.43
2.6
0.1
1.54
1.13
0.82
1.86
0.87
2.2
0.87
2.15
2.08
1.62
2.1
1.91
2.52
1.29
1.7
1.16
0.72
1.22
0.81
0.84
0.14
0.79
0.95
1.2
1.55
2.1
1.7
0.83
0.87
0.86
0.67
1.77
0.47
1.9
1.4
0.57
1.94
1.06
1.72
0.86
2.36
0.86
0.86
0.98
1.77
0.8
0.76
1.45
0.38
0.77
0.85
0.64
1.16
0.8
0.99
1.39
0.92
0.89
2.65
1.16
0.42
0.58
1.07
2.58
2.7
0.95
0.96
0.6
0.85
2.13
2.9
1.06
1.14
0.3
1.98
1.56
1.04
1.81
0
0.9
0.98
1
0.84
1.37
2.9
1.85
2
1.37
0.76
1.94
1.54
1.55
1.46
1.2
1.55
1.57
1
1.47
0.93
0.85
1.57
2.61
1.91
0.55
1.64
0.32
0.02
0.9
1.1
1.56
1.41
0.14
0.57
1.66
1.2
1.27
0.9
1.4
1.19
0.12
0.88
1.84
1.1
0.75
0.74
0.27
0.89
0.85
2.27
0.84
0.94
1.26
1.16
0.83
0.89
0.36
0.95
1.5
1.25
0.81
1.93
1.44
1
1.19
1.79
1.15
0.72
0.89
2.07
1.57
1.47
1.42
1.51
0.8
1.86
0.85
0.4
2.97
0.22
0.44
1.15
1.05
2.1
0.01
1.57
2.1
0.9
1.88
1.6
1.13
1.59
1
-0.1
0.8
1.56
1
0.6
1.34
0.7
1.85
0.59
2.4
1.65
0.71
1.3
1.18
0.42
1.74
0.63
0.86
1
1.77
1.27
1.37
0.79
0.95
0.73
0.89
0.63
0.84
1.31
0.89
1.52
0.34
1.82
1.2
1.37
1.23
1.58
1.4
1.6
1.6
0.7
0.8
0.33
0.87
1.6
1.3
0.85
0.9
1.32
1
-0.1
0.8
1.7
0.8
1.3
1.32
1.4
0.75
1.65
1.3
3.7
1.27
1.13
1.59
0.32
0.6
1.26
0.85
0.05
0.33
0.94
2
0.2
0.5
1.4
0.43
1
0.14
1.4
0.98
1.44
1.4
0.79
0.47
1.38
0.75
1.53
0.84
1.07
0.45
-0.03
0.93
1.48
1.48
0.86
1.25
0.67
0.54
0.79
1.12
0.9
1.24
0.95
0.8
1.5
0.33
2.45
1.92
0.45
1.35
1.91
1.05
0.69
2.15
0.6
0.64
2.22
1.03
0.08
1.7
1.62
1.2
-0.17
2.02
2.37
0.65
0.41
0.64
1.55
1.4
0.66
1.86
1.31
0.71
0.84
2.03
0.21
1.02
0.69
0.88
1.99
0.78
0.35
0.64
0.87
1.61
0.36
1.08
0.79
3.6
0.13
0.99
1.89
1.55
2.7
0.76
1.21
1.13
0.35
0.46
1.97
0.51
2.08
3.3
0.54
1.41
2.26
1.15
1.87
1.72
1.77
2.03
0.86
0.36
1.96
0.8
1.11
0.85
1.96
1.68
1.53
0.7
0.36
1.23
1.41
0.86
1.77
0.03
0.23
1.26
1.38
2.02
1.45
1.19
1.94
2.01
0.76
0.34
2.2
0.64
-0.2
0.3
1.19
1
1.2
1.72
1.93
0.1
1.31
1.63
0.55
1.29
0.36
1.39
1.04
1.05
1.22
0.81
0.63
0.47
0.58
1.6
0.4
1.22
0.84
1.79
0.03
0.56
2.82
1.3
0.31
1.54
0.21
0.65
1.67
1
0.09
0.9
1.5
0.1
0.55
0.5
0.8
0.17
1.44
0.6
1.1
0.8
0.8
0.73
0.36
0.43
0.4
1
1.38
1.41
1.11
0.88
1.23
1.79
0.84
0.88
0.23
1.43
1.48
0.9
0.3
0.76
0.51
1.49
0.37
0.86
0.61
0.35
0.97
0.63
0.96
1.6
0.45
1.91
2.35
0.55
1.65
0.25
1.1
1.03
1.15
2
0.99
-0.2
1.6
0.4
1.73
1.59
0.74
2.1
1.58
1.1
1.68
1.71
1.76
1.73
0.74
1.74
0.46
0.83
0.64
2.1
1.3
1.7
1.57
0.81
0.04
0.02
1.66
0.4
1.66
1.53
1.54
0.37
0.21
1.28
1.59
0.8
1.04
1.84
0.61
1
-0.3
0.63
0.76
0.61
2.19
0.83
1.72
0.84
0.29
0.56
0.43
0.88
0.67
2.1
0.96
1.3
1.03
1.78
1.2
2.4
1.62
1.81
0.74
1.37
1.97
0.36
1.07
0.9
1.09
2.59
1.02
1.16
1.77
0.42
0.6
1.6
0.35
1
2.2
0.27
1.06
1.18
1.34
2.33
1.27
1.62
1.95
0.24
1.03
0.62
1.3
0.36
1.39
0.62
1.36
1.39
0.4
1
1.58
2.54
1.56
1.39
1.69
2.2
2
2
0.29
1.41
1.78
1.27
1.44
1.5
0.76
0.77
1.58
1.3
0.23
0.83
1.65
2.02
1.1
1.38
2.43
0.85
0.56
1.47
1.12
0.4
0.3
1.9
1.74
1.93
0.86
1.3
1.39
1.57
1.61
0.86
1.17
2.4
1.64
0.56
0.42
-0.2
0.08
1.15
0.85
0.24
0.95
0.77
0.9
1.46
1.17
2.2
1
1.28
1.21
1.53
0.21
1.71
0.86
1.2
1.3
1.7
2.1
0.97
1.17
1.15
0.2
0.82
2.34
0.84
1.42
0.92
1.33
0.6
0.54
0.47
-0.03
0.74
0.94
0.2
1.81
1.1
0.9
1.59
1.76
0.72
1
1.05
0.54
0.42
1.17
2.06
0.77
1.03
0.86
0.85
0.2
0.9
1.49
0.94
1.86
0.85
0.86
1.82
1.96
1.03
0.29
0.87
1.65
0.7
1.81
0.59
2
1.52
0.7
1.53
0.03
1.23
0.36
0.9
1.89
0.82
0.82
-0.04
1.6
0.36
2.2
0.9
1.31
-0.01
0.76
-0.32
1.51
0.95
1.73
1.49
2.1
1.29
0.85
1.03
1.24
0.85
1.23
1.03
1.6
0.96
1
1.17
0.37
1.92
1.59
-0.49
0.9
1.94
0.92
0.25
1.47
0.94
3.25
0.21
1.62
0.21
2.02
1.03
1.52
1.24
1.84
0.39
0.85
1
0.46
1.53
1.15
-0.18
2.14
1
0.79
2.9
2.23
2.1
1.48
0.36
2.5
1.98
0.73
1.3
1.12
0.85
0.84
1.05
0
0.83
0.86
1.17
1.56
0.37
-0.4
0.14
0.66
1.12
0.85
1.21
0.81
0.14
0.85
1.48
1.2
0.83
1.4
1.31
1.1
1.49
3.84
2.31
0.86
1.1
2.14
1.38
0.55
0.97
0.45
0.85
1.89
0.8
1.31
2.1
1.1
1.2
1.72
0.95
1.2
3.5
1.56
1.52
0.72
0.76
2.14
1.78
1.08
1.72
0.32
0.86
3
1.62
1.34
0.84
0.65
1.41
0.7
1.25
1.55
1.82
0.37
2.6
-0.27
1.25
2.26
0.2
1.06
1.62
0.29
1.59
1.72
1.1
1.32
0.81
1.21
2.32
0.71
1.68
1.05
0.85
1.64
0.74
1.92
1.82
1.83
1.9
1.83
1.45
1.48
1.25
0.55
3.08
1.42
1.45
1.07
1.6
2.7
1.81
0.67
0.87
1.53
1.82
1.94
2.33
0.5
0.62
2.1
0.47
0.37
1.11
2.3
1.85
0.37
2.71
0.65
1.62
2.29
1.46
0.85
0.29
1.4
0.52
0.98
0.12
0.9
1.63
0.76
-0.07
0.26
0.85
0.36
0.87
1.75
0.64
0.76
1.19
2.03
0.9
2.1
0.03
0.35
1.07
1.32
1.17
0.58
1.88
2.1
0.98
2.2
1.07
0.51
1.6
0.72
0.43
2.1
1.45
1.18
0.45
0.92
0.96
1.08
1.07
1.45
1.47
0.79
2.2
0.39
0.85
1.07
1.22
1.64
1.2
0.49
1.4
0.8
1.7
0.46
0.9
1.57
0.86
0.6
0.45
-0.1
0.73
0.53
0.72
0.84
0.22
0.5
0.7
2.1
0.69
1.74
0.72
0.15
0.85
1.45
1.19
1.2
0.73
0.37
0.91
0.66
-0.06
1.05
2.2
0.66
0.47
2.7
0.99
0.38
2.7
1.8
2.37
1.11
2.5
2
0.59
0.52
1.3
1
1.11
0.8
1.6
0.83
1.33
0.64
1.29
2.6
1.02
1.22
0
0.87
2
2.15
0.81
0.76
1.17
0.94
0.72
0.37
1.47
0.86
1
1.76
1.37
1.84
0.94
1.16
0.99
0.85
1.7
0.58
1.2
1.69
1
1.35
0.72
1.51
1.41
0.74
1.2
1.81
1.28
1.46
1
0.97
0.91
0.71
0.82
1.77
1.49
0.85
0.66
1.56
0.85
0.79
1.2
0.99
0.71
1.85
1.17
0.87
0.17
0.84
0.89
1.51
0.44
0.52
2.7
0.9
0.33
0.33
0.5
1.6
0.22
1.97
0.77
1.17
1.4
1.42
1.6
2.5
0.7
0.89
1.03
0.06
2
-0.01
0.16
0.1
0.18
0.55
0.32
0.37
0.96
1.78
1.1
1.3
0.51
1.66
1.5
0.79
1.3
0.08
1.01
0.84
0.8
1.11
1.32
0.79
0.82
2
2.04
3.8
1.9
0.63
1.4
0.6
1.66
0.92
0.07
1.56
0.57
0.5
0.48
1.2
1.07
1.09
0.62
1.1
2.5
0.6
0.64
0.55
0.45
-0.08
-0.61
-0.65
0.5
0.58
0.18
-0.36
-0.29
1.43
1.38
0.75
0.21
1.52
1.54
1.3
0.39
0.78
1
2.3
0.54
1.83
0.3
0.94
0.77
1.17
0.44
0.33
2.3
1.09
0.72
1.73
2.18
0.21
0.65
0.86
1.36
1.34
0.94
0.7
0.46
1.7
2.1
1.39
0.8
0.56
0.36
0.8
0.35
0.34
0.5
0.45
-0.04
0.78
1.73
1.14
0.7
2.4
1.7
1.11
2.59
0.52
0.6
1.53
0.35
1.42
1.52
0.37
1.2
1.28
1.1
0.82
0.57
0.87
1.26
0.64
0.62
0.69
0.76
0.62
-0.3
1.1
1.44
2.54
0.9
1.47
0.73
0.45
0.85
1.1
0.63
1.31
1.56
1.2
1.18
1.97
0.75
0.68
0.61
0.86
1.34
1.96
1.04
1.1
0.32
1.16
1.61
0.79
-0.06
2.5
0.64
2.56
2.57
1.11
1.73
0.82
2.15
0.16
1.06
0.58
0.82
0.8
1.01
2.59
0.73
1.2
1.41
0.8
1.3
1.02
0.97
1.17
0.28
2.04
0.85
0.65
0.66
2.3
1.26
1.44
1
1.21
0.14
1.26
1.54
0.19
2.53
0.89
0.87
0.96
0.87
0.26
0.46
1.43
0.85
0.53
0.51
0.99
1.1
0.54
2.1
0.67
1.56
0.89
0.8
1
1.08
0.82
0.87
0.59
0.74
1.53
0.76
1.24
1.2
0.93
1.04
2.4
-0.11
0.07
1.2
0.38
1.9
2.6
1.98
2.05
1.6
2.39
1.28
1.25
0.79
1.22
0.82
1.1
1.39
0.36
2.65
0.86
1.32
1.9
0.49
0.53
2.59
0.77
2.68
2.3
2.21
0.63
0.8
-0.1
0.46
1.7
2.9
0.81
0.79
1.28
2.4
1.9
2.42
0.73
1.72
1.91
0.21
0.74
0.9
0.37
2
0.95
1.65
1.08
0.37
1.89
2.32
2.8
2.7
2.5
2.21
0.6
2.24
0.5
0.92
0.7
1.55
3.1
2.5
2.44
2.4
1.05
0.21
1.62
0.71
2.6
0.46
2.06
2.42
3
0.85
0.51
2.36
1.9
1.9
0.67
0.42
1.22
2.78
1.33
0.37
0.81
0.06
0.37
1.44
0.5
-0.05
0.36
1.08
0.66
1.55
1.24
1.2
1.4
0.86
0.95
0.63
1.5
1.91
1.23
0.51
1.11
0.72
0.85
0.73
0.58
1.74
1.21
0.18
0.37
1.3
0.79
1.5
2.08
1.3
1.43
2.65
0.55
1.68
1.64
1.8
1.37
1.52
0.34
-0.46
1.49
1.1
1.86
1.43
-0.08
0.94
0.86
0.85
2.13
0.23
1.62
1.6
1.32
1.66
0.88
1.79
0.76
0.9
1.97
1.66
1.63
1.17
1.48
0.46
1.67
1.01
0.84
-0.06
1.11
1.21
0.08
0.35
1.25
2.38
0.87
1.51
1.52
-0.01
1.14
0.9
1.63
0.36
1.5
1.44
1.05
0.12
0.18
0.47
0.85
1.81
0.86
0.89
0.36
2.1
0.65
1.7
0.86
0.71
1.34
1.77
1.08
1.79
1.1
2.7
2.15
1.6
2.7
1.23
1.9
0.37
0.67
1.1
1
0.92
-0.3
0.3
0.95
2.7
2.72
-0.32
0.21
0.78
0.47
0.63
2.29
1.4
1.25
0.9
1.09
1.45
1.59
1.79
0.63
1.15
0.8
1.43
1.2
1.32
0.6
1.22
1.18
0.84
1.45
2.34
2.1
0.35
1.14
2.7
1.1
0.85
1.7
0.97
1.62
1.43
0.43
0.37
1.59
2.12
1.06
0.07
0.7
2.47
2.43
0.77
1.86
0.8
0.99
0.21
2.52
1.64
0.9
2.8
1.2
2.52
0.59
0.59
2.9
0.3
2
1.5
1.2
0.8
1.47
1.14
0.9
2.12
0.54
0.73
1.21
1.4
0.35
0
0.7
1.2
0.82
1.28
0.25
0.8
2.39
1.72
2.83
0.7
0.25
1.5
1.55
0.91
2.91
2.19
1.55
2.14
1.4
1.15
3.66
1.12
1.9
1.39
0.98
1.19
0.94
1.81
0.98
0.85
2.02
1.17
1.08
1.12
1.26
0.74
1.53
0.47
-0.49
1.37
2.2
2.1
1.69
0.85
1.1
0.3
0.56
1.34
0.99
1.01
1.43
0.85
1.63
1.34
0.99
1.67
0.17
2.26
1.36
1.73
1.09
0.87
1.67
1.76
-0.16
1.69
1.82
1.6
1.2
0.3
1.5
1.03
0.2
0.4
0.21
1.46
1.53
0.84
1.17
0.37
0.5
0.86
1.11
0.85
1.76
1.56
2.5
1.13
1.63
1.06
2.3
0.5
1.76
1.12
1.1
2.2
0.03
0
0.45
0.37
0.85
-0.1
1.09
0.46
0.86
0.16
0.22
0.92
-0.29
0.77
0.72
1.9
1.42
1.8
1.43
1.5
1.53
0.37
2.4
1.52
1.81
1.2
0.58
0.71
1.67
1.85
2.9
0.75
0.99
0.2
1.59
2.3
0.98
0.5
0.7
0.87
2.15
0.8
1.6
0.03
2.34
2.25
0.97
2.25
0.58
0.78
1.23
2.03
1.17
2.6
0.84
2
0.5
1.4
1.5
0
0.7
0.8
1.74
0.59
0.83
1.6
0.38
1.35
1.32
0.85
0.87
0.94
0.33
0.43
0.7
0.74
1.41
1.3
1.15
2
2.1
1.4
2.55
0.76
1.1
1.18
2
0.85
2.52
1.44
0.75
-0.21
0.5
2.3
1.41
2.6
1.25
1.89
0.88
0.77
1.95
0.9
1.23
1.29
0.61
1.72
0.1
0.56
1.4
1.37
0.06
0.85
1.73
2.04
3.46
2.1
2.19
2.6
1.01
2.26
2.3
0.49
1.43
2.01
0.88
0.85
0.91
0.79
1.93
1.56
1.23
0.75
0.38
1.79
0.4
0.71
1.14
1.24
1.47
1.7
1.48
0.63
0.82
0.75
0.85
0.93
0.17
0.47
0.54
0.86
1.18
0.5
1.7
0.77
0.84
1.65
0.85
2.12
1.03
1.28
0.89
1.44
-0.15
0.87
0.41
1.35
2.4
2.1
0.93
0.85
1.61
0.45
1.24
0.63
0.8
0.19
1.08
1.85
1.34
3.52
1.38
0.74
0.5
-0.01
0.7
2.2
0.57
1.12
1.18
0.82
1.15
0.82
1.43
0.44
0.86
0.65
1.56
0.9
1.04
0.4
1.22
1.04
0.76
1.6
1.92
0.96
0.65
1.24
0.2
1.33
1.4
1.03
0.26
0.9
2.03
0.36
1.42
0.38
1.78
2
0.79
0.85
0.76
1.9
1.62
1.4
2.12
1.05
1.85
2.4
0.61
0.3
1.63
0.63
0.5
1.55
1.3
0.7
-0.1
0.45
1.49
0.37
1.58
0.9
0.9
1.1
1.14
0.88
-0.1
0.9
0.98
0.9
0.83
0.42
2.2
1.72
0.85
1.14
0.71
1.38
0.64
0.87
2
1.74
0.93
1.55
0.63
0.9
1.2
1.82
0.85
1.02
1.49
0.87
1.48
0.2
0.06
1.9
0.87
0.01
1.88
0.24
1.85
1.07
0.71
1.8
0
0.7
0.9
0.7
2
2.8
0.3
0.86
1.09
1.2
1.77
1.44
0.89
1.79
1.47
0.9
0.73
1.48
1.7
0.25
-0.2
1.12
1.33
0.56
1.75
1.51
1.64
0.93
1.17
0.85
1.2
2.09
0.85
1.71
1.28
1.2
2.4
0.87
1.05
1.31
2
1.52
1.27
1.5
1.16
1.56
2
1.77
1.7
1.16
1.28
1.58
1.26
0.85
2.17
1.53
1.6
1.36
1.74
1.39
1.2
1.57
1.75
0.74
1.4
2.41
1.2
0.89
1.3
1.73
2.39
1.5
1.73
0.47
0.76
1.16
2.4
1.98
2.71
1.36
1.68
0.98
1.3
0.55
1.91
1.52
1.23
1.27
1.72
1.68
1.58
0.97
1.03
1.44
0.84
1.45
0.68
1.44
2.86
0.6
0.93
1.49
1.56
0.78
1.56
0.93
0.53
0.63
0.68
1.06
0.6
1.52
0.77
1.55
1.28
1.4
1.21
1.52
0.8
0.89
0.6
1.53
1.54
2.3
0.95
1.6
1.16
0.85
0.46
1.3
1.3
0.71
2.19
1.67
1.01
1.32
0.74
0.61
2.6
2.1
1.76
1.75
1.48
0.66
2.3
1.3
1.81
2.1
1.07
0.31
0.6
1.6
1.8
1.1
1.3
1.4
2.3
0.41
1.1
1.01
0.34
1.23
1.17
0.85
2.2
-0.37
0.43
0.44
0.9
1
2.15
1.08
0.7
1.1
1.2
1.8
2.8
2.1
1.4
1.4
0.71
0.36
0.92
0.25
0.25
0.37
0.57
1.17
1.5
0.87
1.1
1.85
1.48
0.68
1.4
0.81
0.41
1.91
0.85
1.9
0.86
1.5
1.3
0.9
1.2
1.19
1.28
1.17
1.4
0.71
1
1.88
0.98
0.85
2.3
1.5
1.07
1.76
2.02
1.2
2.23
0.69
0.42
2.13
2
0.88
0.81
1.97
1.16
0.51
0.42
1.22
0.67
0.35
0.59
1.84
2
0.8
1.14
2.23
2.74
0.17
1.79
1.53
0.85
0.36
2.9
1.1
1.4
0.36
1.83
2.33
1.1
1.43
1.1
0.05
0.97
0.9
1.51
0.6
0.23
2
1.25
0.35
2.19
0.57
0.7
1.12
1.37
1.2
0.72
1.8
0.24
0.48
1.8
0.41
2.39
2
1.16
0.96
1.6
0.53
0.89
2.61
1.44
2.11
2.46
0.25
-0.17
1.11
0.85
1.5
1.54
0.56
0.69
2.6
2.1
1.56
2.2
0.75
1.4
1.61
0.64
1.62
0.98
1.71
0.62
2.28
1.31
0.96
1.46
1.38
1.2
0.42
1.48
0.25
0.8
1.5
1.3
1.14
3.66
0.38
0.88
0.21
1.17
1.38
1.3
2.4
2.2
2.01
2.42
1.55
0.51
2.48
2.54
1.9
1.16
0.73
1.59
0.66
0.67
2.02
0.66
0.9
1.75
3.2
1.83
0.84
1.4
1.01
1.88
1.5
1.5
0.77
1.3
2.1
1.13
1.18
2.4
0.77
2.01
1.05
0.85
1.14
0.84
1.18
1.04
1.81
2.18
0.67
0.74
1.54
1.11
2.24
0.32
1.86
1
1.18
0.85
0.77
0.7
1.3
2.5
0.85
0.98
0.7
0.9
1.28
1.34
2
1.32
0.81
2.1
0.71
0.7
0.35
1.42
2.69
1.78
0.86
0.66
0.99
1
2
0.39
1.42
0.97
1.1
0.8
1.44
0.6
1.4
2.39
0.6
-0.09
1.31
1.39
1.3
0.36
0.84
1.9
0.86
0.8
0.62
1.08
1.37
1.15
0.32
0.26
0.37
0.76
2.2
1.91
0.45
1.3
1.85
0.58
0.77
0.83
1.17
-0.1
0.52
2
0.9
0.46
0.76
0.95
0.76
0.89
0.46
2
0.78
0.94
1.1
1.19
0.45
0.83
0.77
1.33
0.89
0.5
1.48
-0.2
1.02
0.44
1.24
1.78
2.11
-0.3
1
0.36
0.96
1.52
0.94
1.26
0.64
0.99
2.6
1.18
1.62
0.95
1.32
1.24
1.24
2
2.1
1.9
1.81
0.55
0.97
2.6
2.1
0.5
1.77
0.93
0.8
2.2
1.72
1
1.22
0.39
0.77
0.55
1.3
1.17
2.9
1
0.96
1.09
0.6
-0.08
2.3
0.2
2.26
0.72
0.5
3
2.5
3.8
2.6
0.74
-0.83
-0.33
0.86
0.4
2.41
1.14
0.96
1.4
1
0.94
1.05
1.19
1.34
1.9
0.18
0.18
0.7
0.67
0.48
1.3
1.06
0.75
0.43
1.18
0.63
-0.1
0.84
2.4
1.63
2.09
1
0.81
0.7
1.81
0.87
0.47
2.02
1.89
0.99
2.6
0.7
1.15
1.47
2
1.8
1.01
0.46
0.4
0.58
0.86
1.3
2.4
1.1
0.87
2.45
2.05
1
0.64
2
0.92
1.18
1.41
2.7
0.46
0.13
2.09
0.93
0.79
2.15
1.5
1.69
1.91
1.68
1.47
0.95
1.1
0.9
1.16
2.5
0.15
0.9
0.56
1.11
1.09
0.83
2.3
0.8
2.33
0.9
2.3
2.3
1.07
0.29
1.03
1.7
0.27
0.71
2.17
3.29
0.92
0.3
0.7
1.56
1.1
1.75
1.84
0.56
1
0.79
0.3
0.94
1
1.48
0.54
0.85
0.9
0.6
0.21
0.56
1
0.92
2.4
1.02
1.4
2.1
1.26
0.36
1.1
1.04
0.23
1.7
1.53
1.5
-0.05
0.8
0.57
0.85
0.36
1.22
2.4
0.7
1.45
0.93
1.97
1.41
2.2
0.96
1
2
0.8
0.5
1.4
2.5
0.7
0.4
2.12
1.13
0.84
1.36
0.97
1.13
0.67
2
2.01
1.59
0.6
0.91
2.18
2.18
0.7
0.86
0.85
0.88
0.35
1.12
1.66
0.95
1.25
1.14
0.8
1.58
0.88
0.65
1.62
0.85
1.9
1.82
3.1
0.82
1.54
0.81
3.3
2.7
0.88
4
2.8
0.8
1.08
1.3
1.2
2.2
1.13
1.73
1.52
2.3
2.17
1.69
2.3
4
1.46
1.48
0.74
0.6
0.3
0
1.16
1.84
2
1.41
1.83
0.86
1.89
0.5
0.8
0.02
1
0.38
2
2.16
1.52
0.93
1.3
1.3
1.84
1.49
3.35
-0.12
2.15
2.93
2.2
0.7
3
1.1
3.6
3.4
0.23
0.09
1.29
1.86
1.82
0.98
0.37
0.88
1.04
1.22
0.76
0.91
0.8
2.1
0.06
0.86
0.37
1
1.72
0.8
0.5
0.44
1.74
0.65
0.96
0.7
1.2
1.25
1.52
0.9
1.43
1.66
1.35
1.4
0.5
1.67
0.33
1.43
-0.01
0.03
0.43
2
1.7
0.75
0.83
0.8
0.72
2.5
0.35
1.15
2.5
1.03
0.7
1.52
0.84
1.1
1.52
1.3
0.98
0.81
0.9
0.37
1.64
2.33
1.24
0.37
1.08
0.27
0.3
0.65
1.91
0.37
-0.7
0.21
0.07
2.2
1.4
0.85
2.31
1.78
0.85
1.16
2
1.01
1.73
0.9
1.72
1.1
1.65
1.9
1.2
1.2
0.89
1.15
0.7
1.11
1.23
0.37
0.68
0.97
0.85
0.41
0.79
2.45
1.2
0.52
2.05
0.72
2.39
0.7
0.45
1.42
0.35
1.14
1.14
0.78
0.6
1.04
1.45
1.07
2.03
0.53
0.47
2.32
1.18
1.42
2.22
0.65
2.22
1.64
2.25
0.96
0.96
0.86
1.26
1.08
0.8
0.62
0.86
0.92
1.6
0.43
0.39
0.29
1.3
0.85
0.88
1.03
0.7
1.2
1.37
0.84
1.65
2.04
2.7
0.9
0.69
1.03
1.2
2.98
0.8
3.68
0.88
2
0.54
1.5
0.89
1.44
0.58
0.37
1.1
2.29
0.52
0.06
2.01
1.3
0.49
1.33
1
1.96
1.84
1.02
-0.8
-0.86
1.19
1.5
0.59
1.78
1.72
1.68
1.5
0.28
1.2
2.5
1.91
2.7
0.81
1.3
1.07
1.09
0.76
1.93
1.17
1.44
0.58
1.81
1.9
0.89
0.78
-0.07
0.53
2.4
1.5
0.24
-0.13
1.49
0.2
1.05
1.22
1.27
0.97
0.76
1.11
1.03
1.9
1.94
0.37
0.14
1.61
1.1
1.8
0.73
0.91
1.4
1.06
0.56
0.73
1.5
1.1
0.37
1.41
1.3
0.6
2.1
0.92
-0.04
1.66
1.57
0.97
1.1
1.34
1.11
1.5
0.53
0.36
1.88
1
1.35
0.65
2
1.21
1.4
1.07
0.8
0
2.1
0.79
0.98
1.29
1.14
1.14
1.26
1.1
1.6
2.1
1
0.86
1.07
1.77
2.5
2.1
1.55
-0.71
0.9
0.96
2.11
0.38
0.38
0.9
0.8
0.61
0.83
0.65
0.47
1.52
1.1
0.9
0.17
1.13
1.94
1.27
1.1
0.56
0.5
1.26
1.9
1.27
1.14
2
1.2
1.06
0.68
1
2.4
0.9
1.1
1.77
1.82
1.04
0.72
1.1
0.68
0.8
1.03
1.3
0.71
1.18
1.17
0.5
0.17
0.98
1.19
1.2
0.82
0.86
1.56
0.42
0.85
1.13
1.1
2
0.98
0.95
1.24
0.98
1.1
1.6
0.35
0.75
0.78
0.42
0.36
1.34
2.03
1.44
1.1
0.39
-0.1
0.3
0.77
0.43
-0.1
-0.1
0.87
1.45
1.75
1.2
-0.08
0.99
0.2
1.56
0.76
0.24
0.85
-0.01
2.49
2.17
0.08
0.9
1.23
0.82
0.89
0.4
1.38
1.4
0.17
1.5
0.99
0.4
0.48
1.12
2.31
1.09
0.9
0.08
-0.13
0.3
0.7
0.85
0.82
0.41
0.65
0.59
0.15
0.25
1.54
0.84
1.83
2.73
0.28
0.25
0.49
0.84
0.81
0.75
0.68
-0.05
0.5
0.68
0.46
1.16
0.9
0.9
1.6
0.08
2.43
0.24
0.89
0.93
0.43
0.28
0.74
0.61
0.5
1.31
3.07
1.04
0.66
1.27
1.24
0.81
2.43
0.35
0.66
1.31
0.67
1.49
1.47
0.75
1.2
0.9
1.52
1.1
0.51
0.38
1.38
0.79
0.88
0.74
0.62
0.89
0.36
0.35
0.57
2.2
2.31
1.15
1.43
0.89
0.66
0.84
0.76
1.8
2.44
0.37
1.7
0.59
0.71
0.59
0.09
0.8
0.91
1.53
1
1.5
0.9
0.42
0.97
0.78
1.19
0.56
1.19
1.02
0.71
0.57
1.22
1.18
0.8
1.74
0.58
1.67
0.86
1.59
0.76
0.61
-0.44
1.32
2.2
1.7
1.66
1.09
1.21
0.85
1.11
0.85
0.85
1.91
1.76
0.85
0.74
1.19
0.94
0.36
0.7
4.4
0.54
0.55
1.45
0.36
2.22
1.5
4.3
1.1
1.1
0.76
1.23
1.9
0.79
0.6
0.79
0.33
1.71
1.48
1.66
0.33
0.56
0.91
0.24
1.37
0.86
0.84
0.6
1.55
1.54
0.54
1.57
1.63
1.56
1.76
1.9
2.24
1.16
0.6
1.21
1.4
0.37
1.69
1.93
1.52
0.38
1.67
1.91
0.84
0.76
0.99
1.65
0.66
0.67
0.96
1.07
0.61
1.16
1.55
0.9
0.28
2.19
0.85
0.8
2.8
0.83
1.34
0.55
0.2
0.1
0.87
1.98
0.8
1.45
0.39
2.18
1.3
1.8
1.3
0.93
1
0.58
0.94
3.23
1.3
0.3
0.8
0.22
0.86
0.94
0.53
1.65
0.66
1.8
1.6
0.17
0.6
2.9
1.15
1.73
1.83
1.02
0.88
0.68
0.85
1.6
0.39
1.3
0.74
0.64
1.14
0.76
1.4
1.68
1.52
1.9
0.8
1.2
2
0.85
1.66
1.02
1.54
1.05
1.56
0.85
0.4
1.1
0.25
0.1
2.76
-0.74
2.33
1.85
0.81
1.02
0.1
0.36
0.98
1.11
1.24
0.84
1.17
1.64
1.81
0.37
0.79
2.13
1.57
2.6
1
1.6
1.44
2.32
1.6
0.82
1.71
0.72
2.3
1.76
1.16
1.01
1.45
1.1
0.86
1.04
0.82
1.05
1.02
0.94
1.9
2.4
0.77
0.8
1.55
1.05
1.64
1.55
0.92
0.89
1.47
0.86
0.5
0.86
0.88
2.03
1.09
1.52
2.83
1.12
0.79
0.7
-0.18
0.59
0.27
1.55
1.82
1.16
1.53
0.42
1.6
0.29
-0.25
0.42
1.1
0.88
1.12
2.17
2
1.3
1.11
2.09
3
0.83
1.64
-0.2
1.55
1.01
1.38
1.65
1.03
1.03
1.31
0.85
1.04
1.1
1.24
1.48
2.04
1.3
0.05
2.06
0.65
1.44
1.4
0.93
0.07
1.59
1.56
1.1
1.49
2.31
1.94
1.19
1.2
1.49
0.48
1.66
0.5
1.71
1.42
-0.11
0.35
0.43
0.36
1.39
0.17
0.72
0.89
0.95
0.54
1.91
1.3
0.8
0.51
2.18
1.6
0.97
0.73
1.1
0.95
1.26
0.48
0.9
0.8
2.07
0.81
0.43
0.85
0.57
0.66
1.8
0.7
0.75
0.42
0.8
1.7
3.29
0.4
1.59
1.89
0.87
2.17
0.83
1.45
0.8
1.64
1.2
0.8
0.24
1.73
0.8
2.1
0.97
0.79
0.4
0.85
1.15
0.87
1.32
0.09
1.1
0.82
1.1
0.69
0.18
1.22
2.6
0.68
1.08
0.78
1.36
0.9
1.84
2.5
1.13
2.27
0.77
2.3
1.88
2.2
4.2
1.66
1.3
1.12
1.18
1.55
1.34
1.23
-0.2
1.84
0.73
0.98
0.37
1.61
1.52
1.92
2.75
0.86
0.86
1.31
2.97
2.02
0.59
1
1.66
1.76
1.39
0.56
0.84
2.3
1.48
1.81
1.94
0.62
1.81
0.72
0.8
2.34
1.04
1.39
0.7
1
0.4
1.64
1.9
1.29
0.52
0.71
1.5
1.4
0.58
1
-0.34
0.39
1.42
1.07
0.78
1.6
0.6
1.68
0.85
0.87
1.69
1.65
0.2
1.91
0.27
1.09
1.52
1.66
1.98
0.78
0.94
1.62
1.1
0.72
1.85
1.76
1.78
0.12
1.3
0.76
1.83
2.15
2.43
0.97
0.89
1.02
1.72
1.83
2.7
1.71
0.72
0.34
0.64
1.08
0.8
0.5
0.1
2.6
0.6
0.39
1.26
1.2
1.58
2.2
1.78
1.41
1.12
1.95
0.41
1.64
1.1
3.24
0.51
1.3
0.36
1.9
0.97
1.49
1.39
1.43
1.14
0.26
2.29
2.18
1.7
0.85
1.43
1.21
1.32
0.99
1.92
1.39
1.44
1.29
0.21
0.56
1.02
2.2
0.36
2.09
1.1
1.68
1.18
1.77
0.38
-0.35
1.53
1.55
0.61
1.77
2.3
0.5
1.18
0.64
0.46
0.96
1.44
1.05
0.65
0.83
1.05
0.43
-0.01
1.15
0.47
0.82
2.38
1.64
3.79
3.8
1.45
0.58
0.36
1.67
1.15
2.1
0.97
2.22
0.33
0.96
1.32
2.3
1.54
1.82
1.44
2.74
1.41
1.28
0.47
1.21
0.08
2.03
1.17
1.82
0.95
1.5
2.47
2.37
0.09
1.48
1.36
2.1
0.43
0.97
2.3
0.98
1.6
1.9
0.75
0.8
0.79
1.09
0.98
1.2
1.11
0.94
1.95
1.56
0.11
1.5
1.87
0.9
0.61
1.6
1.89
2.3
0.24
1.94
1.93
1.9
2.3
1.1
2.02
1.67
0.76
0.8
1.7
0.8
0.24
2.21
1.33
0.46
0.88
0.94
1.61
0.06
1.58
0.37
0.36
1.55
1.63
2.9
0.71
0.69
1.66
1.36
0.8
1.56
0.95
1.67
-0.09
1.45
1
0.86
0.46
2.5
1.71
0.74
3.1
1.54
0.73
1.65
0.91
1.83
1.04
0.39
0.86
1.57
1.15
1.23
0.21
1.68
0.97
0.65
0.86
0.65
2.3
1.16
1.37
1.14
1.21
2.73
1.23
1.1
3.27
0.75
0.84
1.13
1.64
1.2
1.63
1.23
1.51
0.67
0.86
1.34
1.48
2.29
1.63
2.21
1.7
1.77
1.59
1.9
0.97
1.77
2.2
1.16
4.3
0.92
2.3
2.8
1.46
0.76
1.96
2
2.82
1.11
0.7
0.6
2.09
1.14
1.19
0.91
1.45
2.88
2.3
0.99
0.8
0.46
1.08
0.6
1.5
1.83
0.55
0.98
1.6
1.16
0.22
1.29
2.56
1.41
1.24
0.85
0.65
0.76
0.81
0.98
1.6
0.92
2.1
1.5
1.2
1.43
-0.5
1
0.4
0.86
0.8
1.45
0.32
0.55
1.66
0.93
1.14
0.7
0.56
1.6
1.01
1.1
1.17
0.8
0.84
0.99
1.1
0.8
0.9
0.82
0.23
0.92
1.1
1.41
0.38
0.8
1
0.39
0.17
0.52
1.06
0.79
0.17
1.6
0.5
0.58
2.5
0.67
1
1.28
1.11
1
1.5
2.07
1.14
1.11
0.52
0.85
0.75
1.35
2.2
0.4
0.72
1.71
0.7
1.59
1.63
1.29
2
1.05
1.06
1.01
1.13
0.44
1.71
1.3
1.6
1.68
0.38
0.85
1.27
1.15
0.29
-0.14
0.7
0.38
-0.14
0.38
1.13
0.45
-0.74
0.59
1.06
1.73
1.43
1.27
1.11
1.11
0.53
0.6
0.56
2.4
1.1
0.87
2.3
0.4
0.82
1.12
0.16
0.93
0.53
0.87
0.46
1.52
-0.05
0.71
1.56
0.58
0.86
0.95
0.8
1.57
1.4
-0.3
0.26
2.4
0.85
-0.38
0.98
1.82
1.15
0.84
0.46
0.1
1.35
1.25
1.3
1.49
0.8
1.7
1.23
2.65
0.95
0.72
2.08
1.3
1.1
1.1
3.43
0.88
0.84
0.36
1.5
1.42
1.65
0.56
0.43
1.4
2.18
2.76
0.92
1.88
0.75
0.8
0.84
1.2
0.79
2.08
1.2
0.32
0.58
0.67
0.85
2.2
1.97
1.41
1.47
0.85
1.18
1.93
0.39
1.02
0.26
1.14
0.11
0.57
1.42
1.18
1.4
0.25
0.67
0.67
0.9
0.39
1.35
0.67
0.9
1.1
2.3
0.4
0.9
1
0.6
0.5
-0.2
1.2
0.6
1.15
1.27
0.7
0.8
0.91
2.61
0.3
1.93
1.28
1.43
1.44
0.85
1.8
0.6
0.09
2.8
1.34
1.3
1.46
0.36
0.6
0.67
0.81
0.9
0.24
1.1
1.22
0.87
0.8
0.3
0.8
0.77
2.4
0.42
0.27
0.8
0.9
0.66
0.52
1.3
1
1.24
0.51
3
0.57
3.61
1.8
0.18
0.1
1.55
2.2
0.73
0.33
1.06
2.17
1.26
1.12
0.9
2
1.48
1.25
1.4
2.5
2
0.9
0.8
1.08
0.63
0.4
0.9
1.8
0.7
-0.11
0.6
-0.11
0.14
2.3
0.41
1.3
0.29
0.54
0.37
0.87
2.25
1.34
1.5
0.96
2.21
1.75
2.33
1.87
0.36
1.62
0.75
0.67
-0.5
1.87
0.4
1.9
1.75
0.6
0.6
2.02
1.3
1.1
1.49
0.04
0.87
1.37
0.35
-0.05
0.73
0.6
1.25
1.17
1.34
0.88
0.85
4.1
2.1
0.65
1.98
0.85
0.22
0.84
0.59
0.85
0.93
0.8
0.97
2.43
2.43
0.18
0.85
0.16
0.64
1.8
0
0.3
0.94
0.1
1.89
0.79
1.85
1.05
0.68
1.38
0.75
0.45
1.57
0.8
0.83
1.11
1.83
0.81
1.89
0.41
0.7
0.99
0.6
0.18
-0.04
0.52
0.4
0.74
0.64
0.73
1.6
0.5
0.63
0.4
0
1.02
0.94
0.37
1.17
0.84
0.9
2.1
0.66
0.65
0.58
2.59
1.15
1
1.07
2.3
0.35
0.85
0.7
0.76
0.37
1.94
2.29
0.4
0.9
1.88
2.68
0.31
2
0.82
2.64
1.3
0.61
1.72
1.59
1.56
1.13
0.65
1.46
1.19
0.7
0.7
0.86
1.4
0.54
1.07
1.81
1.4
0.4
-0.1
0.4
0.92
0.5
0.59
0.12
1.46
1.4
1.32
1.1
1.73
2.95
1.08
0.58
0.14
0.6
0.4
0.64
0.63
1.49
1
0.8
0.27
0.1
1.03
1.11
1.93
0.3
2.43
0.3
0.84
0.71
0.12
2.48
0.85
-0.74
1.33
0.66
1.29
1.44
0.79
0.93
1.38
1.17
0.53
0.4
0.01
0.36
0.43
2.9
0.6
0.97
1.4
1
2.24
0.94
1.14
1.02
0.8
0.35
0.6
2.15
1.12
2.1
1.41
1.7
1.78
0.38
0.81
1.57
0.9
1.1
2.21
0.97
0.92
1.02
0.31
0.1
1.57
-0.1
0.48
1.84
2.05
0.73
0.69
1.72
0.49
1.2
-0.3
1.31
0.86
0.59
1.46
1.8
1.56
1.08
0.25
1
1.17
0.6
0.46
0.22
1.9
0.5
1.38
1.15
2.3
2.8
0.9
3.3
0.85
1.52
1
1.93
1
0.8
0.56
0.44
0.84
0.73
1.1
1.44
1.2
0.35
0.6
1.72
0.9
1.14
0.37
3
1.1
1.21
0.6
0.36
1.12
3.3
3.44
3.1
0.99
1.74
0.86
1.14
0.73
1.45
1.19
1.84
1.79
1.51
1.22
2.03
0.39
0.12
1.52
1.2
1.07
0.67
1.05
2.53
0.48
0.98
0.9
0.57
0.56
0.63
1.66
1.56
0.37
2.3
0.9
0.65
1.38
2
2.1
1.57
1.42
1.74
1.28
1.12
1.03
3.1
0.37
2.54
1.43
1.1
1.56
1.17
0.64
2.17
0.8
0.91
1.03
0.9
1.18
1.29
2.05
0.87
0.8
0
0.67
2
0.89
2.3
-0.19
0.75
0.37
1.11
0.62
0.19
1.74
1.21
1
0.7
1.14
1
1.8
0.86
1.14
0.7
2.3
2.3
1.6
1.4
1.2
2.54
1
1.18
0.96
0.6
0.04
0.89
2
1.05
1.7
0.63
0.52
0.9
1.56
1.38
-0.04
1.1
0.96
0.9
1.5
0.82
1.68
1.67
0.83
0.9
2.71
0.79
1.6
0.1
0.9
0.68
1.9
1.67
0.69
1.42
0.84
0.68
1.5
0.47
0.71
0.41
0.07
0.33
2.7
-0.17
1.57
0.36
1.39
1.6
1.68
1.18
0.7
2
0.17
0.9
2.6
1.61
1.7
1.1
1.24
0.63
2.1
1.3
0.7
2.64
0.94
1.93
1.25
2.4
1.45
0.45
2
0.21
1.6
1.27
0.91
1.28
0.38
1.24
0.5
1.34
0.27
0.2
1.79
1.01
1.2
0.87
0.77
0.8
0.73
1.72
0.36
0.8
1.26
2.1
2.1
0.98
0.34
1.11
0.39
1.8
0.37
1.52
1.22
1.04
1.3
3.2
1.21
1.5
0.74
0.75
0.89
0.71
2.5
1.7
1.43
1.37
1.8
1.6
0.73
1.05
0.5
1.47
1.09
1.2
1.4
1.7
0.95
1.14
2.8
2.07
1.73
0.75
1.89
1.6
1.25
1.53
1.09
0.84
0.87
1.36
1.67
2.2
1.63
2.18
1
0.74
1.72
0.5
1.74
2.21
1.7
1.56
0.5
0.87
1.45
0.86
1.22
1.17
1.73
0.46
1.7
1.59
1.6
0.16
0.5
1.09
2.2
1.52
0.53
0.68
0.86
0.4
1.73
0.5
0.25
0.21
0.51
1.76
0.84
2.1
0.8
0.85
0.8
0.36
0.87
1.1
1.59
1.14
1.2
1.27
0.86
0.78
1.28
0.54
1.18
0.59
0.3
-0.1
0.96
1.03
0.83
0.8
1
1.37
0.76
0.02
0.22
1.07
-0.2
0.2
0.8
0.47
0.22
0.2
0.26
1.35
0.1
-0.1
-0.2
0
1.19
0.35
0.01
0.15
-0.27
1.41
0
-0.05
0.29
-1.23
0.77
0.21
0.63
0.57
0.64
0.8
2.35
1.65
1
1.87
0.36
-0.1
-0.1
1
0.87
1
0.85
0.5
0.36
0.46
0.2
1.71
0.06
2.3
0.7
1.17
1.3
4.3
2.5
-0.08
0.9
0.85
0.8
1.92
0.16
1.13
0.86
1.9
0.16
1
0.7
1.39
1.6
1.7
1.5
0.22
1
1.8
0.49
0.62
0.8
0.71
0.7
0.36
1.8
2.17
1.7
0.97
1.15
0
1.41
1
1.8
0.7
2.1
0.53
0.5
0.84
1.78
2.1
0.37
0.96
1.2
1.3
2.5
1.43
1.6
1.44
1.57
1.43
0.7
1.2
0.47
0.82
0.51
3.61
0.45
1.43
1.6
1.61
0.63
1.01
1.83
1
0.74
0.7
0.7
0.73
2.91
1.76
1.48
1.14
1.57
1.1
1
2.34
1.14
2.28
1.28
1.16
0.41
1.16
2
2.44
1.77
1.5
1.5
1.78
1.5
1.51
0.8
1.7
1.69
2.2
0.76
0.71
2.3
3.4
0.4
1.47
0.9
1.5
1.2
1.2
1.97
0.9
1.47
1.38
0.78
1
1.59
1.04
1.78
0.85
1.34
1.01
0.13
1.6
-0.23
1.57
0.5
0.61
0.78
2.28
0.35
1.11
0.99
2.65
0.2
2.8
0.68
0.81
0.79
0.87
1.53
1.6
0.7
1.33
1.91
1
3.41
1.91
1.36
1.8
0.32
1.46
0.21
1.2
2.5
0.85
0.5
0.87
0.78
0.7
0.85
1.44
1.38
2.4
0.55
0.37
1.85
1.7
0.51
2.2
0.55
1.64
1.46
0.2
1.43
1.42
1.51
0.92
1.47
0.35
1.9
0.98
1.04
0.55
0.54
1.56
1.06
0.7
1.32
1.49
0.61
0.52
1.02
1.01
1.5
0.55
0.33
1.7
2
1.39
1.63
0.82
0.58
0.98
0.1
1.19
0.59
1.9
1.6
1.26
0.59
0.07
0.38
0.82
0.39
1.05
1.7
0.53
0.78
0.85
0.27
2.06
1.1
0.87
2.3
0.95
2.19
0.42
-0.01
0.53
0.53
1.4
0.96
0.89
0.95
1.07
2.1
1.32
2.62
0.6
1.13
3.17
0.62
0.82
1.8
0.25
1.6
0.16
0.97
0.56
1
0.36
0.52
1.99
0.8
1
2.2
1.53
0.86
0.43
2.2
1.7
1.8
2.5
0.64
0.85
2.7
1.71
2.21
1.9
0.84
0.5
-0.3
1.62
1.43
1.08
1.8
2.3
1.18
0.49
0.56
0.6
1.01
0.67
0.33
0.94
1.28
1.21
0.9
0.33
2.6
0.22
1.75
1.6
0.71
0.37
0.59
0.14
0.4
1.12
0.89
1.73
1.75
1.1
0.77
1.62
1.55
1.57
1.68
1.8
1.2
1.87
0.95
0.47
1.32
2.23
1.32
0.58
1.34
1.54
1.64
1.83
1.49
1.7
1.2
1.03
0.4
3.2
0.85
1.11
0.77
0.85
1.5
2.07
2.8
0.46
0.25
1.45
0.96
0.85
0.85
0.65
0.82
2.3
0.44
0.79
1.36
0.49
0.56
1.23
0.54
0.82
0.79
0.41
-0.1
0.38
0.8
0.7
0.87
1.03
1.57
1.3
0.47
0.47
0.44
0.7
0.7
0.85
2.3
1.44
1.62
0.6
1.36
1.58
1.12
1.74
1.76
0.3
0.3
0.47
0.5
1.57
0.32
1.54
0.97
0.95
1.7
0.57
1.04
0.25
0.05
0.46
0.65
1.82
1.25
1.48
2.53
1.67
0.55
0.76
0.38
0.3
1.02
0.85
2.04
0.57
1.28
1.17
0.62
0.64
0.38
0.51
1.56
1.3
0.94
0.27
0.83
1.8
0.74
0.49
0.36
1.11
1.5
0.57
1.46
0.8
0.43
1.74
0.42
0.56
1.04
1.05
1.76
0.43
1.23
1.15
0.53
0.88
0.27
0.39
1.51
0.76
0.64
0.93
2.26
1.01
0.89
1.86
1.22
1.41
3.26
2.21
1.64
1.06
0.61
0.28
0.44
0.33
0.3
0.28
0.69
0.5
1.13
1.1
0.92
1
0.95
2.08
1.16
0.57
0.94
0.6
1.1
0.84
0.69
1.02
0.5
0.74
1.33
1.48
0.93
1.02
1.19
1.53
1.13
1.16
1.63
1.43
1.45
1.61
1.61
3.42
1.71
2.43
1.63
0.98
1.7
0.75
0.34
0.95
1.46
0.04
0.73
0.73
1.58
0.44
1.17
0.75
0.84
0.3
1.37
0.49
-0.39
1.26
1.45
1.29
2.42
0.56
1.81
2.06
-0.16
0.5
1.62
2.2
0.68
1.45
1.32
0.04
0.8
1.82
0.79
0.9
0.54
0.49
2.2
1.84
2.01
0.54
1.1
0.76
1.08
1.31
1.41
1
1.9
1.36
0.25
0.27
1.33
0.85
0.85
0.85
2.31
2.48
1.94
1.36
1.76
2.37
1.35
1.37
0.73
0.62
1.52
2.3
1.56
1.12
0.33
0.46
0.67
2.1
1.54
1.49
0.64
2.5
1.8
1.84
0.96
0.42
-0.13
1.6
1.4
0.89
0.85
1.78
1.34
0.36
1.97
0.81
1.8
0.88
1.45
0.2
1.21
1.28
0.56
1.64
0.8
1.32
1.5
2.8
0.7
2
1.9
1.88
0.85
0.78
1.22
0.83
1.76
1.91
1.96
0.42
-0.32
0.08
-0.25
1.66
0.78
0.47
3.19
0.3
1.07
1.8
0.86
0.85
1.18
2
1.46
1.58
1.38
1.5
1.8
2.37
0.68
1.33
0.89
1.53
1.45
1.01
1.43
1.15
1.3
2.5
0.3
0.48
2.3
0.33
-0.5
0.71
1.05
0.66
0.98
2.75
0.5
1
0.37
1.2
0.64
1.64
1.3
1.41
0.51
1.3
0.43
0.81
1.1
1
0.3
0.35
0.8
0.71
0
1.53
0.88
1.11
3.2
0.26
1.7
0.9
0.58
0.9
0.8
1.13
1.02
0.29
1.6
0.34
2.26
1.5
2.76
1.81
2.84
1.73
1.18
1
0.1
0.3
2.56
0.46
2.6
1.02
1.1
1.41
0.87
1
0.58
1.1
1.19
0.84
1.18
1.13
1.1
0.93
1.87
0.64
2.16
2.75
2.09
2.9
1.9
0.53
2.24
1.5
0.13
0.28
0.43
0.66
0.96
2.5
0.56
0.66
1.84
-0.14
0.64
0.41
0.81
2.3
2.5
0.6
0.59
1.1
-0.1
1.13
1.69
0.95
1.56
1.65
1.34
0.8
1.53
0.46
1.17
1.2
0.95
1.36
0.5
0.9
1.72
1.01
0.87
1.52
1.16
0.56
1.29
1.52
1.49
1.41
0.13
1.9
1.71
2.7
1.87
1.71
-0.1
0.73
1.1
1.56
0.84
1.4
0.8
1.5
0.9
1.76
1.9
1.3
0.15
0.69
0.98
1.4
0.03
1.61
0.53
1.71
1.54
0.88
1.2
0.25
1.34
0.7
0.2
0.84
1.38
0.56
1.07
1.55
0.8
0.67
2.58
1.08
1.04
1.8
0.23
0.1
0.4
0.41
0.84
0.24
0.76
0.85
0.4
0.16
0.1
1.17
1.75
2.5
1.21
1.48
0.74
-0.04
0.16
0.04
1.03
1.09
0
1.26
0.99
1.05
1.92
1.53
1.8
1.58
2.34
1.01
1.57
0.15
1
1.15
0.27
2.1
1.7
1.06
1.48
0.6
0.4
1.79
1.42
2.1
1.24
1.3
2.6
1.2
1.18
0.72
0.68
3.8
0.84
1.94
0.67
2.25
0.89
1.58
0.35
1.8
1.88
0.68
0.76
0.2
1.5
-0.06
1.76
0.2
0.49
0.56
0.64
0.56
0.63
-0.4
0.7
0.74
0.48
1.5
0.66
1.6
1.27
0.55
1.5
1.1
0.36
0.37
1.98
0.62
1.36
2
0.19
0.2
0.43
1.6
1.9
0.99
0.47
1.57
1.7
1.1
1.18
0.07
0.85
2.2
0.21
2.24
0.31
1.9
2.1
0.78
0.74
2.96
3.61
1.9
3.8
1.9
2.2
2.3
2.5
2.2
2.2
1.88
0.82
1.6
0.17
0.6
2.1
0.58
1.8
2.2
1.6
1.76
0.62
1.22
1.83
0.2
0.26
0.56
1.49
0.94
1.07
2.1
1.57
1.67
1.56
1.6
1.3
1.17
1.54
1.85
1.5
1.02
0.3
0.48
1.12
1.9
1.2
1.23
1.17
1.7
1.9
2.68
0.53
0.64
0.87
1.1
0.37
1.24
0.84
-0.31
2.4
0.99
1
1.87
0.9
0.65
0.82
1.2
0.97
0.2
0.55
0.59
1.2
1.57
0.4
1.1
0.56
0.97
0.4
2.46
2.07
0.86
1.1
0.5
0.69
0.98
0.47
0.45
2.6
0.87
2.46
0.73
1.08
2.22
1.81
2
1.5
1.6
0.8
1.44
1.91
1.68
0.56
0.86
2.06
1.89
0.1
0.3
1.42
0.6
1.3
2.42
1.66
1.6
0.61
0.84
2.42
0.71
2
1.55
2.17
0.98
1.71
1.03
0.58
0.05
0.8
0.42
0.78
0.02
0.9
1.49
0.9
0.63
-0.11
2.3
0.04
0.98
1.2
1.3
0.98
1.7
1.38
0.68
1.01
1.27
1.03
1.58
1.49
0.97
2.13
1.69
0.94
3.4
3
2
0.58
1
2.04
3.4
1.11
2.19
3.6
2.3
1.68
1.61
-0.15
1.51
1.71
2.6
0.75
2.5
0.97
3.3
4
0.19
0.87
1.3
0.84
1.18
1.43
0.11
1.7
0.7
1.5
1.8
0.58
1.01
0.72
0.68
1.46
1.1
0.5
0.8
1.08
0.86
1.8
2.2
1.53
-0.18
1.7
0.19
2.11
0.46
0.99
0.91
1.6
1.5
3.1
0.55
1.7
0.97
1.43
0.78
2.06
4.1
1.7
0.37
1.1
1.08
1.77
0.71
1.77
1.44
0.45
1.15
0.94
0.85
1.51
0.99
0.32
1.22
1.69
1.06
0.84
0.7
0.86
2.51
0.88
3.97
1.5
1.98
0.86
0.68
1.29
0.7
1.06
1.08
0.6
0.15
0.23
0.3
0.95
1.15
2.3
0.72
0.46
2.39
0.98
1.46
1.47
1.89
1.97
1.83
2.18
0.57
0.58
0.06
2.35
1.1
-0.07
0.85
2.03
0.62
0.85
2.24
0.94
2.1
0.33
2.62
0.5
0.69
2.41
2.13
0.77
1.32
1.53
0.59
0.97
0.25
1.13
-0.37
1.96
0.36
1.9
0.48
1.2
0.84
0.6
0.35
0.79
1.8
0.8
0.7
2.03
0.84
1.64
-0.01
0.9
0.65
1.9
0.71
2.08
2.24
1.71
0.37
0.43
1.18
1.54
1.8
1.42
1.23
2.5
0.67
0.65
0.2
1.7
2.7
1.34
0.48
0.86
0.35
2.2
0.93
1.41
1.9
1.24
1.1
1.7
0.29
0.09
0.87
1.46
2.79
1.52
0.35
2.18
2.09
0.97
2.23
1.93
0.8
2.24
1.7
0.75
1.38
2.96
0.2
1.24
1.06
1.1
1.83
0.48
2.12
1.1
1.44
1.28
0.56
0.76
1.8
1.26
1.36
1.54
4.28
1.15
1.44
1.35
0.89
2.07
0.85
1.13
0.58
0.4
1.77
2.08
1.29
0.37
0.23
2.26
0.86
1.02
0.71
1
1.01
0.55
1.08
0.84
0.83
0.27
1.05
0.51
2.9
0.85
1.48
1.64
1.1
1.12
0.85
0.8
0.48
0.76
1
2.1
1.15
1.71
0.98
0.08
0.01
0.72
1.41
2.26
1.64
1.71
0.36
0.8
0.74
0.83
0.86
1.53
0.81
1.39
-0.09
0.37
0.06
-0.41
0.4
1.46
0.85
0.95
1.03
0.8
1.1
1.62
1.32
0.65
2
0.86
0.94
0.61
0.95
1.03
1.2
1.36
0.96
2.46
0.96
1.61
0.64
2
1.2
1.05
2.23
1.11
0.99
1.52
1.59
0.41
0.78
0.83
1.2
1.37
0.54
1.01
1.14
0.54
0.64
0.87
0.62
1.77
1.4
1.64
0.85
1.54
1.84
0.61
1.2
0.85
1.12
1.15
0.4
2.03
2.71
1.32
3.72
0.69
2.54
0.75
0.23
0.62
0.44
1.39
0.56
1.55
0.66
2.35
1.1
0.4
1.8
0.36
0.8
3.4
0.45
1.3
0.3
1.69
1.27
2
1.1
1.15
1.93
0.87
2.78
0.16
0.06
1.8
1.77
0.37
1.67
1
0.19
0.66
0.23
0.29
1.52
1.4
-0.05
-0.01
0.51
0.89
0.11
-0.27
1.49
1.25
0.89
1.16
0.9
1.54
1.17
0.02
1.22
2.98
0.4
0.8
1.31
0.3
0.08
0.9
0.9
1.16
1.53
0.65
0.85
0.3
0.07
0.01
1.22
0.54
0.21
1.09
0.32
0.49
0.1
0.04
0.98
0.4
0.07
0.22
-0.2
0.3
0.85
1
0.99
1.04
1.05
1.74
0.73
1.1
1.51
2.2
0.6
1.47
0.64
0.65
2.03
0.85
1.1
2.2
0.58
1.7
1.61
1.3
0.44
0.51
1.66
2.19
2.18
0.98
1.24
0.65
0.39
1.19
0.99
0.6
0.92
0.85
0.48
2.1
2.13
0.34
1.51
1.36
1.75
1.42
0.87
1.01
0.94
1.52
0.8
1.01
0.69
1.6
0.79
1.6
0.5
1.06
1.29
0.9
0.75
1.01
0.85
0.36
0.75
1.02
2.3
-0.05
1.66
2.76
1.54
1.33
1.17
1.32
1.49
1.14
0.46
1.43
0.77
0.28
1.25
1.37
1.41
0.8
0.1
1
1.43
0
0.09
0.31
1.55
0.74
1.43
0.92
1.9
0.05
0.65
-0.05
1.14
1.43
1.85
0.18
0.29
2.18
0.83
0.85
1.59
0
2.2
0.28
0
0
0.29
0.48
0.86
0.84
2.43
1.8
-0.25
1.07
0.77
0.87
2
1.54
1.2
-0.01
0.27
1.04
0.7
1.17
0.68
0.87
0.07
0.17
0.8
1
0.9
2.2
1.1
-0.21
0.84
0.72
1.14
1.28
0.93
0.5
1.1
1.31
2.1
1.6
0.9
2.7
1.61
0.55
2.9
0.34
1.02
1.3
1.08
0.74
0.86
1.17
1.24
1.83
0.33
2.7
0.99
1
0.87
0.83
2
0.69
0.49
1.15
1.87
2.2
1.4
1.66
1.7
0.54
1.7
0.9
2.02
1.07
1.13
2.6
0.32
0.24
0.86
0.83
0.62
0.02
0.34
0.16
0.31
1.29
0.6
1.63
1.62
1.33
1.1
0.85
2.01
0.81
1.4
1.37
1.23
0.8
1.12
1.31
0.85
0.9
0.41
1.46
0.28
1.6
0.32
1.49
1.04
1.22
1
1.53
1.14
1.31
1.53
1.4
0.1
1.1
2.55
1.75
1.53
1.1
1.28
1.19
1.43
2.79
1.02
1.13
0.37
1.7
2.31
0.74
1.62
0.37
1.58
1.01
1.11
1.62
1.68
1.47
0.55
1.1
0.4
0.6
0.63
0.53
1.63
1
0.88
1.47
0.64
1.59
1.9
1.71
0.82
0.68
2.09
1.8
0.46
1.87
0.98
0.66
2.13
1.19
0.5
1.84
1.5
1.5
1.33
0.01
1.19
2.13
0.83
1.69
1.61
1.07
0.86
1.26
0.82
0.37
1.61
0.68
1.22
2.26
1.44
2.07
0.63
0.69
2.2
-0.61
1.47
0.87
0.65
1.17
1.59
0
0.69
1.2
0.25
0.14
0.6
-0.02
1.11
0.56
0.88
0.39
0.51
1.53
0.58
0.46
-0.27
1.8
0.8
2.17
1.05
2.25
0.39
0.7
1
1.2
1.57
0.44
0.59
1.4
0.32
0.08
0.32
0.43
0.34
1.6
0.62
1.21
1.67
1.07
1.18
1.08
0.75
1.01
0.64
0.7
1.05
1
0.03
0.98
0.67
1.2
1
1.07
1.79
2.16
2.32
0.3
0.46
1.7
3.55
1.64
0.6
0.76
0.4
0.46
0.28
1.27
0.86
1.6
0.86
1.3
0.99
1.3
0.86
0.97
0.33
-0.03
0.55
2.29
0.29
0.75
0.6
1.43
2.31
1.62
0.68
0.48
0.79
0.51
0.2
0.9
1.45
0.1
1.2
0.62
1.58
1.18
1.31
-0.2
1.3
1.48
2.23
1.8
0.85
0.96
0.29
2.01
1.54
0.4
1
0.88
1.18
1.7
1.2
0.7
0.36
0.9
0.86
0.89
-0.24
0.26
0.31
1.53
1.63
1.6
1.33
0.4
0.6
0.99
0.58
1.3
1.5
1.53
1.34
1.14
0.58
0.57
1.81
0.85
2.88
0.85
0.35
2.39
1.98
0.36
0.18
0.78
1.6
0.54
0.69
1.6
1.1
1.2
2.26
0.7
1.92
0.38
1.24
1.22
1.67
1.15
1.98
1.26
1.7
0.06
0.5
0.8
1.8
1.19
2.1
2.87
1.1
1.64
1.4
0.85
1.65
1.59
0.6
1.37
1.23
1.39
0.95
2
0.81
0.92
0.86
1.93
2.3
1.02
1.01
1.2
2.2
2.23
0.7
1.1
1.51
1.38
1.08
0.54
1.06
0.27
2.93
0.78
1.28
0.8
0.53
0.7
1.63
1.08
2.27
1.71
2.64
0.6
0.47
0.94
1.18
-0.4
1.43
0.99
1.3
0.86
0.39
0.74
0.98
0.82
0.51
1.53
0.36
1.5
0
1.21
2.08
0.42
2.1
1.6
0.68
1
1.88
0.85
0.79
0.6
1.14
1.2
0.84
0.5
1.5
1.04
0.79
0.3
0.79
0.58
0.3
0.5
0.86
1.48
0.86
1.36
1.76
0.6
0.86
1.8
0.3
0.5
1.8
1.23
0.78
1.76
0.7
0
0.27
1.4
0.97
0.36
0.85
1.9
1.1
0.83
0.86
3.79
0.24
0.55
0.13
1.08
1.65
0.36
0.55
2.3
2.3
1.09
1.3
1.27
0.72
0.86
1.27
1.55
0.36
0.83
1.13
0.6
1.07
0.8
0.76
1.3
0.53
-0.26
0.39
0.76
0.83
1.17
1.39
0.42
1.6
1.3
0.36
1.88
2.23
1.2
1.31
0.59
0.67
1.52
0.8
0.85
0.4
1.62
2.28
1.65
1.1
1.54
1.4
1.43
0.98
0.66
0.71
0.81
1.3
1.19
0.9
0.23
1.41
1.31
1.18
1.31
1.49
0.73
0.55
1.82
1.84
1.43
1.25
1.25
1.31
1.2
0.13
1.2
0.93
1.43
2.95
1.55
0.93
1.6
1.3
1.29
1.17
1.77
1.37
2.2
0.03
1.18
1.3
1.5
1.66
0.86
0.55
1.06
0.82
1.61
1.25
1.44
0.53
0.7
1.59
2.5
1.86
0.61
1
1.26
1.47
0.56
1.18
1.2
1.3
1.13
1.9
1.87
1.07
1.66
0.31
0.12
0.17
1.13
1.9
0.5
0.8
1.2
0.8
1.33
1.86
1.22
1.2
1.47
0.62
0.45
1.33
0.89
0.95
0.6
1.4
0.87
0.9
0.8
1.39
3.62
2.4
0.8
1.35
1.4
1.83
1.52
1.79
0.94
2.21
0.84
1.86
0.92
0.85
1.02
1.77
1.79
0.88
1.48
2.25
0.76
0.55
0.77
0.4
0.8
1.97
0.36
1.66
0.46
1
1.42
1.45
0.58
2.3
0.82
1.9
1.07
0.6
0.89
1.36
0.78
1
1.3
0.86
3.7
0.7
0.5
1.07
0.5
0.35
0.9
0.65
0.7
0.1
1.6
0.63
0.7
0.9
1.9
1.6
1.52
0.71
1.25
0.29
0.52
0.52
-0.2
1.63
0.8
1.07
0.65
0.61
1.25
1.54
0.6
1.81
0.46
3
1.27
1.78
3.28
0.4
1.18
2.2
1.12
1.48
1.94
0.62
2.4
2.4
0.79
0.75
1.4
2.29
1.28
1.09
0.1
0.4
1.72
0.84
1.1
0
0.96
0.8
1.62
0.25
0.76
0.94
2.5
0.65
0.18
1.38
0.18
1.16
1.6
0.9
3
0.83
2.1
1.56
2.8
1.8
1.2
0.81
0.9
1
0.26
0.87
0.78
2.53
0.85
0.4
0.21
2.34
0.81
0.67
2.3
1.7
0.84
0.2
2.6
2.15
1.26
0.07
1.6
1.12
1.4
0.61
1.38
1.3
0.91
0.61
1.14
1.5
1.46
0.7
-0.13
1.34
1.94
2.29
3.2
0.08
1.11
1.2
1.2
1.3
1.52
0.85
0.64
1.07
0.8
0.9
2.3
2.18
0.93
2.15
-0.15
1.1
1.24
0.97
2.7
0.82
-0.06
0.85
3.7
1.91
2.05
0.76
0.99
1.31
1.6
0.65
0.71
2.53
1.14
1.57
0.77
0.9
3.8
0.69
1.21
1.08
2.7
1.6
2.3
1.76
0.46
2
3.6
0.99
0.51
0.83
1.18
0.6
0.7
1.1
0.13
2.5
0.71
1.07
1.54
0.7
0.77
0.79
1.59
0.85
1
0.94
0.88
0.58
0.82
0.68
0.04
0.1
0.47
1.53
1.6
1.56
0.4
1.32
1.47
0.28
1.24
1.4
0.6
0.24
0.62
0.83
1.2
1.47
1.59
0.68
1
1.1
1.16
1.5
2.15
1.24
0.5
1.2
0.68
1.22
1.74
1.06
0.85
1.34
0.6
1.02
1.55
0.18
0.19
0.6
1.7
0.76
0.94
0.6
0.8
1.26
2.39
1.2
0.89
0.7
1.44
0.88
1.57
1.06
2.3
1.63
0.46
0.66
2.2
0.96
2.01
0.73
2.4
2.14
1.59
0.75
1.07
2.1
1.11
0.8
0.58
0.63
0.91
0.33
1.01
1.76
1.74
1.45
0.87
1.36
0.37
1.21
0.58
0.85
1.11
0.6
0.39
1.89
1
0.07
0.79
0.67
0.9
0.7
2.47
1.2
1.15
1.12
3.1
0.54
0.85
2
2.3
1.14
1.48
1.08
1.9
0.4
1.85
0.52
1.53
0.32
0.7
0.71
2.7
2
0.92
0.6
0.04
1.54
2.16
0.74
1.1
1.03
1.02
0.65
1.7
0.71
2.35
0.97
0.51
1.2
1.4
2.2
2.6
0.88
0.5
1.64
0.22
2.4
2.6
0.89
0.98
0.32
2.02
1.11
0.77
1
0.36
0.46
1.07
0.18
2.25
0.74
0.93
1.18
2.41
0.36
1.22
1.33
0.48
2.03
1.24
0.85
1.04
1.13
0.92
0.81
0.81
0.5
3.1
-0.22
1.17
2.9
0.63
0.85
2.33
0.5
2.6
0.46
0.38
0.98
1.11
0.84
0.35
0.2
0.45
1.4
0.62
0.58
0.96
0.95
0.1
1.7
0.24
0.86
0.49
0.56
1.61
2
0.72
0.5
1.49
1.08
0.6
0.26
0.85
1.43
0.5
0.85
1.08
0.2
1
-0.12
0.12
-0.07
0.8
0.78
1.4
0.84
0.1
2.2
1.07
0.59
0.96
1.06
1.55
1.2
0.99
1.49
1.35
2.42
0.3
2.1
1.63
1.62
0.19
1.73
0.72
0.38
0.48
0.19
0.67
1.44
1.46
0.81
1.02
0.15
0.48
1.99
2.35
0.71
0.98
1.63
1.46
0.37
0
0.6
1.28
1.35
0.96
1.4
1.2
0.37
1
0.45
1.42
1.14
2.59
1.22
0.37
2.1
0.85
0.68
0.53
0.46
0.13
0.2
0
1.2
0.38
1.6
0.64
1.74
1.56
1.39
0.82
0.74
3.3
3.4
1.2
1.61
0.54
1.72
1.16
3.2
0.55
1.98
0.55
1.56
0.83
0.95
1.31
0.99
2.5
1.09
0.64
0.44
1.63
0.46
0.68
0.71
2.04
1.65
0.47
0.08
0.97
1.05
0.66
0.72
1.2
0.62
1.56
0.65
1
0.61
1.44
2.5
0.24
1.57
3.1
2.13
0.38
2.6
1.18
0.52
0.85
2.4
0.99
0.37
0.46
0.22
2.22
0.63
1.16
1.21
1.56
0.6
1.2
0.36
0.89
1.27
1.44
1.14
0.21
0
1.71
0.68
2.23
0.85
0.85
2
0.66
0.35
1.3
0.55
0.85
1.32
0.65
1.17
2.5
0.17
0.84
0.73
0.67
0.42
0.65
0.3
0.7
0.45
0.04
0.87
0.3
2.18
2.1
1.79
0.6
2.3
1.35
3.1
1.63
1.69
1.9
0.64
2.5
1.2
1.15
0.8
1.64
0.56
1
1.16
1.17
0.85
0.45
1.1
0.52
1.28
1.24
1.87
1.6
2.3
1.02
0.89
1.66
0.29
0.8
0.8
0.89
0.55
0.57
1.23
0.83
1.49
1.56
0.54
0.67
0.76
0.93
0.98
1.35
0.36
1.74
0.6
0.68
0.55
0.43
1.71
0.5
1.19
1.1
1.66
1.5
1.23
1.1
2.1
1.05
0.6
0.35
0.9
0.85
2.3
0.88
0.54
2.1
0.19
1.67
1.8
1.3
0.02
1.93
0.44
1.96
0.36
1.22
0.88
0.43
1.43
0.84
1.9
0.53
1
2.2
1.15
0.42
2.1
1.19
1.67
1.8
1.15
1.34
0.83
1.65
1.8
1.03
0.65
-0.44
0.25
0.78
0.6
1.27
0.56
1.67
2.28
2.2
0.72
0.58
1.61
-0.13
0.75
0.91
0.68
1.07
0.25
1.65
0.9
0.82
1.56
1.7
1.44
0.34
0.85
0.68
2.5
0.76
4.47
2.2
0.48
1.7
1.6
1.42
1.3
0.34
1.44
0.65
0.24
1.6
1.4
0.59
1.4
0.79
0.49
1.05
0.67
1.4
0.58
0.9
1.18
1.16
2.42
1.57
1.27
1.11
1.01
0.89
0.57
0.98
1.35
1.47
1.9
1.4
1.56
0.84
1.7
0.11
1.54
1.3
0.1
-0.11
1.24
0.97
0.59
2.1
1.47
1.95
1.63
2.26
1.38
1.87
2.27
1.08
0.73
1.61
1.58
1.59
1.1
1.19
1.04
0.89
0.6
1.6
1.26
1.18
1.07
0.98
0.64
2.59
1.18
2.7
0.48
0.57
0.97
0.26
1.09
1.39
2.32
1.18
1.47
1.65
1.64
2.32
2.87
1.6
1.08
3.41
1.02
1.8
0.84
1
1.14
0.8
0.51
0.51
0.84
2.4
1.12
0.85
1.3
0.37
-0.09
1.73
0.14
1.4
1.5
0.74
0.46
0.11
1.6
0.9
0.23
0.47
0.51
1.82
0.23
0.84
0.84
1.03
0.47
1.41
1.18
0.66
0.55
0.7
1.4
1.33
0.42
0.32
0.07
1.61
1.05
0.33
0.59
0.99
0.85
1.1
0.43
1.23
0.73
1.32
-0.03
1.13
1.84
1.53
1.45
1
0.6
0.84
0.77
0.79
0.98
0.28
1.2
0.99
0.96
2.59
0.4
0.87
0.49
1.82
0.66
0.3
0.74
0.41
0.97
1.5
0.85
0.84
0.89
1.13
0.31
0.39
2.3
0.9
0.9
0.57
0.58
0.64
0.57
2.51
1.42
1.58
2.1
0.97
0.44
1.08
1.16
1.22
1.6
2.11
1.13
1.28
0.83
2
1.9
1.71
2.4
0.32
1.11
1.9
-0.08
1.8
-0.1
2.1
-0.3
1.53
0.5
2.4
1.6
0.54
0.27
0.2
0.84
0.84
1.54
1.6
2
1.07
2.3
4.3
0.85
3.3
1.18
0.83
1.24
1.09
3.01
1.49
1.65
0.75
1.77
0.86
0.21
-0.12
1.12
1.67
2.51
-0.15
1.89
1.51
1.7
1.64
0.27
1.8
0.35
1.26
1.49
2.17
0.5
0.62
1.24
0.85
0.84
0.65
0
1.13
2.35
0.69
0.81
3.03
1.36
1.25
1.55
1.18
0.85
0.08
1.7
1.88
2.28
1.93
1.31
1.59
1.11
1.14
1.64
0.98
2.12
3.22
0.69
1
1.5
0.46
1.05
0.09
0.47
1.08
0.86
0.52
1.29
2.2
0.98
0.73
0.54
2.42
2.09
1.83
1.12
1.02
1.02
1.3
0.43
1.8
1.19
2.4
0.99
2.6
0.57
1
1.41
1.63
1.55
0.9
0.79
2.2
0.35
1.69
0.48
1.3
0.34
1.53
0.52
0.94
0.74
0.96
2.5
0.48
1.27
1.17
0.61
1.17
2.58
1.76
1.54
0.9
0.68
0.39
1.14
1.47
0.6
1.4
0.53
1.1
2.6
1.18
2
2.5
1.44
2.31
2.17
1.47
0.64
1.31
1.58
0.73
1.71
0.82
0.71
0.7
2.8
0.56
1.6
0.36
1.17
1
0.8
0.6
1.68
0.43
1.7
0.35
1.25
0.84
0.71
0.18
-0.37
0.71
-0.3
0.65
0
1.77
1.23
0.78
0.67
1.1
1.29
0.3
1.75
0.57
1.13
0.81
0.6
0.35
2
1.66
1.6
1.2
1.5
0.65
0.74
0.63
2.6
0.4
0.13
0.97
0.36
0.76
0.83
0.73
0.56
2.4
0.84
0.6
2.39
1.41
0.33
1.76
0.52
0.89
1.7
0.84
0.9
0.4
0.44
0.21
1.53
1.49
0.92
0.49
1.83
0.71
0.43
-0.17
0.71
1.8
0.55
1.84
0.85
0.7
2.6
0.76
1.53
1.86
0.47
0.63
2.42
0.68
0.83
0.69
0.8
0.03
1.7
0.42
1.37
2.04
1.09
0.47
1.32
0.63
1.06
1.28
1.67
1.65
2.4
1.22
1.65
1.9
1.29
1.72
0.84
1.1
1.17
1.27
0.44
1.72
0.4
1.9
0.4
0.77
0.69
1.01
0.8
3.1
0.97
2.1
0.08
0.88
0.65
1.4
0.84
1.7
0.56
0.47
1.92
0.72
0.39
2.4
-0.2
0.57
1.18
0.87
0.84
1.48
0.9
0.41
0.35
1.8
-0.2
1.3
1.63
0.82
0.93
0.11
1.3
0.55
0.73
1
1.56
1.61
0.41
0.41
1.19
1.3
0.73
0.61
2.48
1.3
0.35
0.97
1.55
1.76
0.6
0.82
0.92
-0.17
1.75
-0.05
0.85
1.29
0.1
-0.02
1.6
1.36
0.46
0.79
0.91
0.5
1.78
0.4
0.81
1.18
0.83
2
2.01
0.61
2.37
1.8
1.42
1.12
2.3
-0.1
1.15
0.77
0.85
1.03
1.05
0.42
0.86
0.34
0.27
0.34
0.9
0.58
1.34
0.33
1.23
0.96
2.7
1.19
0.49
0.36
0.63
0.28
1.5
1.59
0.4
0.96
0.81
2.2
2.3
0.51
1.31
1.9
1.13
0.75
1.75
1.72
1.29
0.9
0.5
1.53
1
1.08
1.29
0.73
0.35
0.07
-0.1
0.85
0.85
1.22
1.14
0.94
1.08
1.83
0.52
0.09
0.9
1.8
1.07
0.84
0.37
1.16
1.48
0
0.4
0.32
0.99
0.86
1.27
0
0.84
1.1
0.49
1.61
1.51
1
1.71
0.22
0.84
1
0.87
1.9
3.7
0.5
0.63
0.85
0.48
1.4
0.98
0.19
0.59
0.84
1.36
1.97
0.48
0.18
0.91
-0.24
0.55
0.4
1.62
1.63
0.04
0.49
1.34
0.6
0.8
1.43
0.42
0.77
0.63
0.84
1.01
0.85
0.23
0.41
0.21
0.37
0.2
0.67
0.87
0.35
0.88
0.7
0.35
0.17
1.1
0.35
1.78
0.88
0.99
0.35
0.19
0.34
0.47
0.51
0.85
0.56
0.84
0.84
0.63
0.56
0.96
0.11
0.55
0.19
0.72
0.35
0.35
0.48
0.55
0.18
0.38
0.63
0.4
1.02
0.84
0.95
1.24
1.02
2.52
3.11
0.85
1.44
0.68
0.48
1.91
0.86
1
0.74
2.48
2.2
0.63
0.77
1.45
0.29
0.85
0.23
1.08
1.2
1.06
0.11
1.3
0.55
1.08
0.47
0.23
0.94
0.55
1.34
0
0.5
0.57
0.51
0.82
0.93
0.52
0.53
-0.06
2
0.76
2.32
1.3
2.56
1.72
2.8
0.26
0.89
1.64
1.75
2
0.74
0.69
1
0.8
0.99
1.08
3.3
0.84
0.62
0.74
0.72
2.72
0.54
1.5
1.58
1
2.67
1.42
1.41
0.5
0.74
0.7
0.19
0.63
-0.42
2
0.44
1.01
1.6
1.54
1
1.01
0.66
1
1.6
0.84
1.51
0.2
1.1
0.68
0.91
1.52
0.86
0.56
1.57
0.79
1.64
1.12
0.51
1.42
0.71
0.6
0.95
0.7
0.21
0.21
1.47
1.6
2.2
2.2
1.98
0.84
2.6
1.53
0.37
0
1.23
0.61
0.44
1.12
1.08
1.12
0.29
-0.1
0.4
0.92
1
0.7
2.4
1.4
-0.12
0.94
0.77
0.65
0.94
1.5
0.93
0.49
0.9
0.54
1.89
0.77
1.55
0.5
1.36
0.67
0.6
0.57
1.68
1.2
2.1
3.4
1.66
0.68
0.8
0.9
1.49
0.7
1.2
1.1
2.8
1.36
0.85
2.6
1.19
1.03
0.43
0.39
0.71
1.39
1.95
1.3
0.95
1.32
1.89
1.36
1.27
2
2.61
0.74
1.73
2.1
1
0.52
1.06
1.07
0.73
0.45
0.26
1.97
1.1
2.08
1.55
1.13
0.63
1.29
0.65
0.69
2.85
1.06
1.27
1.61
1.74
1.5
1.7
2.26
3.31
0.35
2.53
0.51
1.28
2.19
0.41
1.34
0.51
0.06
1.8
0.57
0.7
0.12
0.8
0.49
2.2
1.7
1.57
0.33
0.87
1.82
2.19
0.24
0.05
0.64
2.2
0.41
1.45
1.1
2.3
1.88
0.8
0.72
1.6
1.24
1
0.35
0.87
0.25
0.59
1.38
0.37
0.67
1.78
0.78
1.42
2.2
1.8
2.7
0.97
1.1
0.87
1.43
0.76
1.54
2.2
-0.57
0.88
1.5
1.61
1.81
0.5
1.14
0.08
0.65
0.84
1.4
1.1
1.9
0.9
1.7
1.49
0.3
-0.58
-0.72
0.58
-0.57
-0.35
-0.37
-0.08
0.37
0.65
0.81
-0.73
1.3
2.26
0.18
1.44
0.64
1.64
0.86
0.75
1.41
1.14
1.89
0.24
0.71
1.65
1.44
1.32
0.9
1.37
0.7
0.82
0.27
1.32
0.3
0.74
0.9
0.9
0.49
0.8
0.47
0.93
2
0.68
1.59
0.5
0.84
1.15
1.26
0.98
1.09
2.33
0.37
0.7
0.63
0.47
1.03
1.46
1.96
0.4
1.27
0.64
0.49
0.37
1.29
0.19
1.54
0.53
0.4
1.59
0.99
0.8
0.75
0.5
0.64
0.99
0.87
0.1
0.31
0.61
1.18
0.31
0.63
0.69
0.31
1.17
1.97
1.35
0.38
0.4
1.81
1.66
0.21
0.08
0.2
2.04
1.5
0.67
1.31
0.66
0.61
0.37
0.8
0.71
1.4
0.51
3.69
1.8
1.8
0.7
0.36
1.09
1.09
1
0.85
1.01
1.15
0.84
1
0.81
0.44
1.81
0.8
1.5
0.92
1
1.8
-0.01
1
0.6
1
1.64
2.2
1.01
0.9
0.13
0.03
0.7
0.87
0.7
1.16
0.71
1.3
1.64
0.85
0.45
-0.04
1.27
0.25
1.57
1.3
0.16
0.5
0.76
0.55
0.77
2.5
1.58
1.45
1.1
3.1
1.8
1.15
0.35
0.31
0.43
0.76
0.5
1.7
1.47
1.14
1.83
2.72
1.27
0.95
0.85
0.81
1.39
0.84
0.18
0.4
0.76
1.12
0.89
0.47
0.59
1.89
1.27
0.41
0.67
0.97
0.09
1.03
1.83
1.54
0.9
1.61
1.76
0.56
0.39
0.44
1.24
0.42
1.16
1
2.29
0.6
0.6
1.6
1.19
2.18
0.99
1.1
2.18
0.95
0.85
1.5
0.82
1.6
1.8
0.69
0.78
0.93
0.54
1.94
0.28
0.43
0.31
0.36
0.71
1.47
0.2
-0.06
1.15
0.41
1.49
0.61
1.76
1.16
1.28
1.94
1.9
1.76
2.39
1.98
2.05
1.27
1.1
2.2
0.7
1.07
0.8
0.88
0.71
1.42
0.42
1
0.76
1.8
1
0.9
2.7
0.82
1.6
0.55
0.72
1.31
0.94
0.62
0.21
0.93
1.59
0.88
0.36
0.75
0.7
1.3
1.1
0.7
1.3
0.49
0.2
3.5
-0.2
1.4
0.76
0.9
0.01
1.4
1.2
1.24
0.63
1.5
0.65
1.24
0.27
1.02
2.3
1.9
0.6
1
0.05
1.83
1
2.13
0.95
1.28
0.78
-0.1
1.89
0.12
0.9
2.07
0.99
1.69
0.94
1.05
1.7
1.09
1.5
1.98
2.21
0.04
2.24
-0.09
0.92
0.96
2.1
1.16
2.99
2.6
1.15
0.52
1.82
0.25
0.57
0.19
0.49
0.67
1.85
0.71
0.79
0.74
0.5
0.51
1.94
1.32
1.73
0.43
0.99
1.13
0.49
0.38
0.7
1.21
0.36
1.16
1.3
1.18
1.13
1.42
1.05
1.15
1.19
1.2
1
1.1
0.85
1.19
0.8
2.07
1.75
0.86
0.61
1.3
1.11
2.22
1.65
2.5
1.41
1.9
1.4
1
0.42
1.56
1.15
0.46
0.53
1.43
2
1.69
0.84
1.7
1.4
1.51
0.73
0.65
0.5
1.51
1.1
0.18
0.9
0.97
1.5
1.46
0.86
1.18
2.8
0.77
2.1
0.16
0.4
1.61
0.98
0.13
0.04
1.2
1.18
0.98
0.97
1.79
0.99
1.57
0.56
0.85
1.49
1.19
1.46
0.27
0.98
2.48
1.59
1.4
1.14
2.25
0.75
0.85
1.53
1.88
2.5
1.8
1.36
1.03
2.5
1.39
0.69
-0.07
0.35
-0.27
-0.17
0.53
1.54
0.91
0.81
1.55
2.05
1.1
0.53
1.6
1.91
1.57
1.91
1.21
1.89
2.7
1.05
1.36
0.86
2
1.54
1.79
1.39
1.11
1
1.29
2.02
1.1
1.8
1.52
1.84
1.59
0.92
1.62
0.44
1.43
0.35
2.76
0.17
1.6
1
1.15
1.25
0.36
1.66
0.63
1.43
1.12
0.16
2.01
1.52
1.54
1.29
1.64
1.45
0.39
1.16
1.18
0.49
0.5
2.44
1.71
1.7
1.43
1.02
1.27
3.4
0.84
1.01
-0.5
0.95
0.71
1.09
0.31
1.18
0.95
0.51
1.63
1.4
2.98
1.05
2.25
0.15
-0.21
0.2
0.1
2.2
1.2
0.3
1.29
1.9
0.36
0.5
0.52
1.62
1.2
0.52
1.18
0.9
0.4
0.41
0.5
2.5
0.64
2.2
1.12
0.83
0.85
2.68
1.48
0.9
0.6
2.27
0.64
0.57
0.68
1.22
0.42
2.62
0.77
0.54
2
1.66
0.62
0.75
0.36
0.69
1.95
0.7
0.75
1.15
0.75
1.8
2.3
2
2.2
0.86
1
-0.23
0.94
2.85
1.17
0.55
2.1
1
2.1
1.1
2.01
0.65
0.84
1.32
1.9
2.7
1.33
1.95
0.1
0.72
1.57
1.05
1.21
1.67
2.6
0.88
2.1
2.4
0.5
0.93
1.8
0.37
0.5
2.3
2.8
3.78
0.61
4.3
1.46
0.92
1.45
1.47
1.7
2.82
1.46
0.8
1.22
1.23
0.35
0.35
1.67
1.03
0.66
2.3
2.12
0.9
0.8
0.98
0.1
1.03
2.4
1.1
0.7
0.45
0.76
1.61
0.84
0.87
0.26
1.71
0.81
1.13
0.85
0.67
1.16
0.65
0.57
2
0.77
0.5
1.1
1.23
1.09
3
1.47
0.82
1.56
0.65
0.51
1.1
1.26
0.93
3.3
1.49
2.2
2.3
1.2
2.8
2.36
1.31
1.7
1.3
0.87
0.46
1
1.3
0.89
1.73
1.26
0.55
0.97
0.6
1.22
0.86
1.2
1.08
0.8
1.9
1.52
1.65
1.05
1.49
0.8
0.01
0.85
0.7
-0.19
0.98
0.99
0.77
0.25
0.57
1.05
1.88
1.68
0.78
1.21
0.52
0.34
2.09
2.19
1.49
1.61
1.38
0.31
0.75
1.81
1.4
1.67
0.7
1.15
2.3
1.6
1.8
1.56
1.89
1.56
0.49
0.99
0.8
0.15
-0.13
0.04
1.74
1.48
0.85
1.92
0.44
1.11
0
1
0.5
1.07
0.57
0.76
0.49
0.55
0.59
0.35
1.28
1.05
1.13
0.14
0.51
0.8
1.1
1.84
1.64
1.73
1.37
0.45
0.64
1.07
0.91
0.27
1.61
0.81
1.8
0.18
0.72
2.08
1.69
1.09
0.8
2
1.9
1.1
2.1
-0.24
1.35
0.75
0.78
0.97
1.75
0.36
0.48
1.07
0.83
0.09
1
0.85
1.12
0.7
0.99
1.08
2.4
1.09
0.35
0.5
0.2
2.17
0.95
2.09
2.08
-0.58
-0.25
-0.19
0.84
0.56
2.02
0.42
0.24
1.42
0.94
2
0.85
1
0.38
2.11
1.03
0.26
1.25
0.35
0.34
1.1
0.93
1.2
1.69
1.6
1.46
1.21
0.64
1.1
0.7
1.9
1.43
1.23
0.49
0.43
0.78
0.05
0.59
1.99
0.78
0.44
1.09
0.85
1.39
0.38
1.08
0.97
0.93
0.77
1.33
1.22
1.08
1.9
1.39
1.76
0.57
1.01
1.17
0.35
0.7
1.36
0.12
0.37
1.83
0.39
1.26
0.58
1.23
1.06
1.5
1.49
2.23
1.6
1.66
1.5
1.12
0.69
1.73
0.98
2.25
1.71
0.8
1.43
1.26
0.7
2.6
1.8
1.85
0.44
1.17
2
2.5
2.3
1.18
2.25
1.84
0.41
1.35
1.79
0.63
0.81
0.05
1.29
1.38
1.95
3
1.18
1.38
0.8
2.3
0.51
0.8
1.15
1.08
1.52
0.86
1.69
0.86
0.36
0.71
0.89
1.4
1.32
1.44
0.8
0.18
1.45
0.89
1.1
1.3
0.3
1.38
2.77
1.12
1.37
0.7
0.29
0.52
1.5
0.85
0.55
1.59
1.33
2.04
1.65
1.4
2.4
2.2
0.59
0.89
1.99
1.54
0.68
0.82
2.32
2.3
1.74
0.67
1.16
1.06
1.6
1.81
1.42
0.81
0.95
0.84
3.04
0.21
0.8
0.34
0.56
1.42
0.08
0.52
1.8
1.51
1.16
1.43
0.77
2.11
2.09
0.21
0.68
0.08
0.83
0.53
1.85
0.74
-0.3
0.96
0.84
1.44
2.1
1.66
0.1
1.25
0.4
2.1
2
0.7
1.91
1.9
0.82
0.84
0.63
1.19
1.65
0.76
2.6
0.21
0.94
0.2
0.74
-0.5
0.36
0.77
0.83
2.36
0.63
0.98
0.09
1.22
2
1.88
0.26
0.75
1.4
0.85
0.96
0.9
0.1
1.5
2.1
1.37
1.45
0.6
1.3
1.6
1.1
0.58
2.5
1.14
1.89
0.85
0.2
0.92
1.14
0.2
1.04
0.8
0.84
1.5
1.16
1.31
0.49
0.86
1.01
1.4
1.48
0.21
0.79
0.9
1.87
2.1
1.67
-0.3
0.97
0.91
0.9
0.87
1.07
0.47
0.85
0.87
1.59
1.34
1.6
1.67
0.52
1.63
1.61
-0.03
1.71
0.58
-0.1
1.22
2.7
0.87
2.25
0.86
1.47
2.09
0.44
1.14
1.14
0.54
1.51
0.5
0.76
1.13
0.48
0.37
0.96
1.2
1.54
1.88
1.62
1.62
2.3
0.7
1.4
1.22
1.37
0.71
2.15
0.89
1.43
2.17
1.34
0.91
0.85
1.69
1.35
1.65
1.1
0.9
0.64
1.9
2.41
0.35
1.3
1.43
1.09
0.73
1.77
0.47
0.48
1.78
2.5
1.19
2.1
0.87
1.23
1.38
1.59
1.21
2.99
1.45
1.94
2.13
2
1.42
0.91
1.55
1.66
0.88
-0.06
1.49
0.83
1.29
1.81
2.82
1.88
1.52
2.2
1.52
1.72
0.93
0.92
2.35
1.36
1.3
2.35
1.55
1.41
1.27
0.58
1.68
1.39
1.85
1.19
0.81
1.28
1.09
1.03
-0.17
0.57
1.08
4.7
1.25
0.45
1.18
1.15
0.7
0.63
0.27
1
0.6
0.71
1.29
1.52
0.94
2.2
-0.3
1.08
4.05
0.43
0.97
0.75
0.84
1.54
0.78
1
0.13
1.59
2.33
1.62
2.13
1.9
0.92
0.23
2.5
2.7
1.12
2.4
1.06
1.62
0.82
1.24
2.1
1.2
0.9
0.9
1.05
0.8
0.4
3.5
0.72
0.59
0.56
0.9
0.75
0.45
0.6
0.57
1.42
2
0.84
0.9
1.03
2.4
1.13
0.9
2.26
1.08
0.83
1.64
1.86
0.76
2.5
1.2
1.42
0.84
0.57
1.3
2.1
1.68
0.72
1.5
1
1.63
3.12
0
0.91
1.42
1.5
0.47
0.5
1.03
1.31
1.87
1
2.57
1.89
0.39
1.1
3.55
4
0.66
2.5
1.02
1.36
1.78
0.26
1.1
1.55
1
1.2
0.32
0.22
0.67
0.86
0.82
0.63
1.32
0.84
1.32
0.85
0.46
1.2
0.97
1.39
1.93
1.72
2.39
0.8
1.01
0.12
0.66
2.25
0.3
0.47
0.45
0.58
2.42
0.88
0.53
0.64
1.43
2.22
0.6
1.42
0.7
1.9
1.42
-0.23
1.05
2.98
1.28
1.28
1.45
-0.3
2.2
1.2
0.31
0.61
2.03
0.87
1.31
1.24
1.17
1.16
0.06
-0.23
-0.21
2.72
1.42
1.1
1.61
-0.1
0.08
-0.03
1.61
1.2
1.77
0.9
0.45
1.36
1.2
0.99
1.85
0.77
0.58
0.46
0.4
1.07
1.1
1.25
0.89
1.73
0.46
0.91
1.61
1.81
1.3
0.63
1.03
3.24
1.69
1.02
2.35
1.22
1.1
0.35
1.38
1.38
0.49
1.73
2.2
1.99
1.69
2.45
0.74
0.52
1.17
1.33
0.85
-0.08
1.61
1.77
0.9
1.08
1.6
0.55
1.57
1.3
1.76
0.9
0.7
1.03
0.87
0.71
0.84
1.55
1.8
1.21
1.56
1.26
1.34
2.05
0.54
1.52
0.5
1.87
1.16
-0.4
1.32
0.51
1.52
-0.25
-0.15
0.5
0.5
1.15
1.21
1.03
0.55
1.2
0.46
1.77
1.18
-0.21
-0.02
-0.59
1.49
1.09
0.48
0.71
1.19
2.1
1.62
0.63
1.66
0.8
1.18
-0.33
1.42
1.42
0.32
0.93
-0.3
2.14
0.42
1
0.65
0.85
1.62
0.94
1.13
1.14
1.12
1.71
2
-0.44
0.42
2.78
1.14
1.67
1.26
1.79
2.9
2.1
2.2
0.9
0.64
1.73
0.57
1.6
0.45
1.08
0.7
0.37
1.65
0.57
1.1
1.3
-0.3
0.71
1.9
0.69
0.35
1.1
1.83
0.84
0.7
0.1
0.5
0.39
0.68
0.67
0.3
2.35
0.36
2.23
1.83
1
1.16
2.2
0.9
1.12
0.96
0.98
0.42
0.37
1.23
0.82
1.94
1.08
0.6
1.56
0.7
1.52
0.92
1.05
0.25
-0.1
1.04
1.67
1.94
1.25
1.64
1.22
2.28
-0.01
0.87
1.7
0.3
0.16
0.8
1.82
0.7
0.49
1.9
0.49
0.87
0.72
0.86
0.9
0.88
0.13
1.2
1.1
0.54
1.16
1.66
1.91
1.48
2.69
0.75
1.39
1.78
1.52
0.7
1.71
1.31
1.4
0.76
1.03
2.5
1.1
1.9
2.2
0.5
1.58
1.33
0.99
0.9
1.99
2
0.91
1.01
0.6
0.94
0.53
1.92
0.33
0.36
0.75
0.86
0.42
1.7
1.42
1.13
1.13
1.11
1.43
0.67
0.3
0.91
0.44
0.83
1.17
0.79
0.84
2.16
2.72
0.92
0.9
0.31
0.85
0.49
0.68
0.74
0.91
1.26
1.04
0.78
0.91
2.18000007
0.8
0.66
1.37
1.7
1.9
0.35
0.7
2.02
0.93
1.09
1.41
0.66
1.75
1.57
1.32
1.4
1.14
0.61
1.44
1.83
1.29
0.73
1.13
0.8
1.2
1.28
0.45
2
2.9
1.9
1.5
0.8
1.71
2
1.77
1.66
0.45
1.52
1.71
1.6
0.46
1.14
2.24
1.38
1.01
1.38
1.15
1.44
0.9
1.3
3.41
1.93
-0.14
0.55
0.5
1.9
0.6
0.5
0.82
0.4
2.27
0.85
0.34
0.19
0.78
2.19
0.35
1.66
0.5
0.77
0.95
1.4
1.67
0.84
1.27
0.5
1.47
0.79
0.73
1.18
-0.3
0.45
0.14
1.47
1.1
0.23
1
0.24
0.2
-0.4
0.42
0.92
0.67
0.05
0.74
0.3
1.04
1.29
1.29
1.66
0.67
1.59
0.36
1.43
0.55
0.6
2
0.42
0.53
0.79
1.17
1.39
0.73
1.44
0.59
0.33
1.32
0.74
2.4
0.75
1.76
0.77
1.76
0.91
0.52
1.93
0.69
0.95
0.95
0.92
0.9
0.62
0.63
0.54
1.07
1.6
1.52
1.3
0.42
0.4
0.22
0.6
1.1
1.8
1.73
0.9
0.71
0.51
0.68
3.4
0.59
0.1
2.01
0.93
1.67
0.82
0.7
1.16
0.87
0.9
1.13
0.34
0.4
2
2.16
0.4
1.44
1
0.6
1.71
2.41
0.69
0.3
1.21
2.24
1.6
1.15
0.5
0.73
-0.39
1.58
0.56
1.38
1.43
2.36
0.32
0.84
0.68
0.66
1.13
0.46
-0.01
3.33
1.45
2.8
0.83
1.45
2.18
1.46
2.16
1.08
0.55
0.8
0.48
1.03
0.42
0.85
2.5
0.74
0.53
0.69
1.65
1.37
1.08
1.4
0.42
1.39
1.83
1.57
1.23
0.7
1.11
1.42
2.17
1.85
1.56
0.37
1
0.68
1.86
0.82
1.6
1.22
0.3
0.69
2.9
0.19
1.01
0.52
1.51
0.47
1.28
0.98
2.4
1.6
0.4
0.33
1.5
2.93
0.36
1.7
1.1
0.25
0.37
0.62
1.83
0.9
0.22
2.2
0.8
2.06
0.62
1.85
1.82
0.44
1.25
1.6
0.79
1.46
2.55
0.06
1.79
1.82
1.53
0.96
0.62
0.87
1.34
1.17
0.15
0.6
1.8
0.77
1.32
1.29
0.86
1.08
1.31
1.17
0.8
1.77
0.36
0.71
0.46
1.58
1.39
2.4
1.56
1.05
1.46
3
0.37
1.06
-0.65
1.97
2.2
0.31
1.53
0.93
1.53
1.1
1.76
1.68
1.34
1.82
0.51
0.71
1.78
2.12
1.3
0.86
1.16
0.9
1.18
1.26
0.7
1.2
0.7
0.61
0.7
1.97
1.04
1.6
1.15
1.3
0.03
1.1
0.82
0.36
0.63
1
0.1
0.4
0.9
1.45
0.85
2
0.53
1.64
2
1.18
1.11
0.87
0.8
0.73
0.11
0.6
0.62
2.2
1.19
0.74
1.13
2.2
1.29
1.42
0.85
1.6
1.3
2.1
0.6
-0.11
1.35
0.77
0.3
1.21
1.4
1.05
1.43
1.77
0.37
0.86
0.86
1.22
0.65
0.56
2.34
0.84
0.9
0.33
0.46
1.6
1.2
1.14
0.62
1.46
0.46
2
1.32
0.3
2.3
0.71
1.2
0.73
2
1.7
0.52
1.63
0.74
0.54
1.5
1.2
0.8
1.01
1.82
1.9
0.65
1.58
0.76
1.42
1.2
1.79
0.83
1
0.35
1.18
1.01
0.1
2.52
1.36
0.8
2.2
0.95
0.91
0.55
1.33
-0.03
1.56
1.4
0.98
1.42
1.62
2.02
2.15
0.9
1.06
3.1
2.31
1.3
1.2
1.15
1.77
1.06
1.7
0.16
-0.18
1.5
1.48
2.03
2.33
0.9
1.8
2.17
1.1
0.66
2.57
1.2
1.05
2.41
1.43
0.71
0.73
1.56
1.18
1.48
1.49
0.88
0.88
0.95
2.09
1.17
0.47
1.36
0.78
0.37
0.78
1.3
1.13
1.14
1.39
2.33
1.96
1.2
1.41
0.17
1.16
1.74
1.42
1.6
0.52
0.47
1.3
1.54
1.8
0.73
1.05
1.13
0.67
1.61
1.55
0.47
1.86
1.42
1.5
0.47
1.33
0.69
0.17
0.87
2
2.6
2.47
1.95
0.88
0.84
1.16
1.56
0.72
2.09
1.5
1.92
1.12
0.74
0.9
1.27
1.53
0.36
0.27
1.22
2.45
1.75
0.51
1.79
1.02
1.37
1.13
1.01
1.55
1.67
1.44
0.54
1.72
1.78
1.21
1.32
0.8
1.6
2.38
0.23
1.16
1.7
0.7
0.8
0.84
0.48
1.12
3.3
0.19
1.68
2.02
1.48
1.1
1.82
0.94
0.34
1.51
0.68
1.58
1.45
1.16
1.7
0.66
0.34
1.31
1.6
0.67
0.68
0.75
1.02
1.16
1.29
1.54
1.23
1
0.46
2.17
0.61
0.63
1.4
1.22
0.91
1.98
1.09
2.16
1.44
1.16
1.9
1.17
0.49
0.35
1.08
1.66
1.36
1.38
1.53
0.96
0.35
1.5
1.19
4
1.81
1.55
0.1
1.16
1.02
1.4
0.99
2.21
1.17
1.18
2.02
1.8
2.32
2.04
0.32
1.19
1.29
1.21
0.27
1.44
0.82
2.85
1.3
0.66
1.04
0.7
1.62
1.35
0.8
0.8
1.48
1.18
1.64
0.27
2.23
1.47
2.11
0.9
1.06
0.99
0.2
0.17
0.07
0.04
0.03
1
0.66
0.4
0.8
0.48
1.45
2.3
0.81
1.06
0.7
1.42
1.75
0.87
1
-0.2
0.85
0.52
0.27
1.7
0.9
0.97
0.63
1.43
0.39
-0.07
2
0.3
1.46
0.7
1.1
1.5
0.78
1.87
1.56
0.8
1.02
0.6
0.87
0.81
1.47
2.01
0.93
0.86
1.9
2.02
3.06
1.24
0.7
1.46
1.65
1.6
1.7
0.17
1.41
0.92
0.7
0.48
0.28
1.53
0.64
0.57
1.17
1.97
1.24
0.96
2.11
1.45
1.16
1.45
1.55
-0.18
1.77
1.64
2.78
2.26
1.49
2.22
2.1
0.63
1.17
2.72
2.21
2.03
1.76
0.35
2.18
1.7
1.39
1.18
1.66
0.98
2.09
2.13
2.17
1.17
0.88
0.28
1.7
2.05
2.3
2.99
2.1
1.78
1.92
1.72
1.79
1.4
4.37
0.34
0.8
0.7
1.79
1.92
2.1
1.84
1.47
0.76
0.71
0.61
0.49
0.84
1.8
2.43
1.76
0.36
1
1.83
1.53
0.52
1.09
1.09
1.54
0.7
1.34
2.86
2.28
0.85
2.1
3.5
0.55
2.35
0.97
0.59
2.23
1
0.67
2.15
2.49
1.41
1.91
1.6
0.1
1.01
1.34
1.14
0.49
0.86
0.56
0.19
1.09
0.76
0.59
0.38
1.16
-0.06
1.05
0.34
0.6
1.2
1.6
0.41
1.48
0.23
1.7
1.03
2.3
1.77
1.47
0.9
1.12
0.95
0.73
0.8
1.45
0.37
2.48
0.86
1.45
0.85
1.29
1.13
1.52
0.4
1.58
1.05
1.64
1.67
1.54
1.03
0.05
1.1
2.01
1.92
1.71
2.33
1.37
1.67
2.21
0.82
1.86
1.3
1.88
0.56
1.71
1.37
1.09
0.74
-0.43
-0.54
0.02
-0.16
-0.62
-0.33
-0.38
-0.14
1.07
1
1.95
1.56
1.27
1.67
1.13
1.18
1.7
0.48
0.67
1.03
1.1
0.97
1.69
1
1.29
0.98
0.68
0.61
0.27
1.5
0.32
0.64
1.47
0.58
0.27
1.18
0.67
1
0.63
1.2
0.06
0.79
0.91
0.41
0.76
1.04
1.21
2.36
0.84
0.6
1.57
1.16
1.57
1.74
0.73
1.9
0.8
1.26
0.68
2.1
2.2
0.59
0.62
1.47
0.35
1.77
1.14
0.73
1.27
0.66
-0.22
0.13
0.8
0.5
1.1
1.54
0.92
0.34
1.02
1.11
0.64
1.6
1.31
1.6
0.55
1.43
1.8
0.82
1.14
0.9
0.73
0.6
0.76
0.63
0.76
0.38
0.81
0.75
1.31
2.13
1
0.6
0.49
0.54
0.8
0.9
1.15
1.69
0.1
0.72
1.84
0.55
-0.47
0.56
1.02
1.21
1.76
-0.06
2.2
-0.05
0.86
0.85
1.09
1.46
2.05
1.07
1.01
1.7
0.86
0.12
2.37
0.8
1.13
2.14
0.34
1.35
1.16
2.57
0.97
1.65
0.76
1.39
2.05
2.72
1.52
1.15
0.96
1.5
1.29
0.9
0.85
0.33
0.7
1.16
2.34
1.29
1.53
1.05
0.33
2.12
0.19
1.19
0.61
1.55
1.81
2.3
1.05
1.23
0.87
0.84
1.8
0.36
1.3
1.9
0.9
-0.12
1.49
0.95
1
0.67
0.88
0.31
1.7
1.73
0.97
2.62
0.68
1.49
0.73
0.91
1.14
0.32
1.91
0.71
2
2.8
1.3
2.85
1.24
0.39
1.2
1.25
1.71
0.13
0.69
1.51
0.16
0.83
-0.05
-0.05
0.97
0.99
1.22
-0.23
1.05
1.31
0.85
1.9
0.63
1.57
0.4
0.2
2.12
1.45
0.32
1.01
1.8
2.88
1.4
1.69
1.86
2
0.76
1.47
0.4
0
1.75
1.36
0.18
1.25
1.89
1.42
1.05
1.7
0.92
2.3
1.82
1.29
1.15
1.79
0.47
2.35
1.16
0.3
1.77
1.58
1.5
1.55
1.52
1.8
0.96
0.91
0.56
1.17
0.44
0.4
0.22
0.58
1.18
0.21
0.26
1.23
0.5
1.71
1.2
0.73
0.54
-0.16
1.42
1.26
0.37
1.19
0.53
1.7
1.56
1.7
0.9
0.56
0.48
1.14
1.39
0.93
1.1
0.78
1.56
1.48
0.92
1.17
0.46
2.44
1.7
0.25
0.35
0.43
0.47
1.3
0.52
1.96
1.5
0.33
1.48
0.45
1.1
0.59
1.03
0.38
1.67
1.28
2.29
2
1.5
0.37
1.55
1.44
1.6
0.49
1.8
0.84
0.6
1.32
0.59
0.04
0.08
0.29
0.47
0.47
0.26
0.5
1.4
1.2
0.85
0.18
1.16
1.21
1.45
0.86
1.4
1.64
1.45
0.85
-0.05
0.44
0.86
1.77
1.95
0.07
1.98
1.9
2.07
1.19
0.5
0.7
1.26
1.31
0.26
0.53
0.65
0.74
0.42
1.58
0.66
0.88
0.28
1.01
1.79
1.25
1.71
1.07
2.1
0.36
1.57
2.52
1.18
1.87
2.24
1.7
1.37
1.17
0.71
0.46
0.82
0.98
1.7
1.05
0.46
0.41
0.91
2.23
1.27
-0.64
0.84
2.1
1.26
2.26
1.53
0.79
1.46
1.46
0.86
1.32
1.49
1.64
1.45
1.74
0.95
0.34
2.1
2.08
1.09
0.67
1.58
2.7
0.08
0.8
1.88
0.56
1.37
0.85
0.85
0.37
0.55
1.33
0.37
1.85
1.18
0.87
1.09
1.25
1.48
1.59
1.41
0.7
2.7
2.1
0.86
-0.2
2.13
1.4
1.04
1.09
1.16
0.79
0.09
1.66
1.29
1.13
1.8
0.5
0.66
1.29
1.51
1.4
0.2
3.73
1.15
0.65
0.66
1.18
0.53
1.24
0.92
0.5
1.16
0.87
0.33
0.51
1.33
0.24
0
0.61
0.65
2.3
1.4
1.04
0.96
0.78
0.72
1
0.37
1.83
0.74
1.19
0.35
-0.16
1.15
0.79
1.24
0.98
0.25
2.2
1.59
0.47
1.07
1.35
0.79
0.41
-0.01
0.67
1.1
1.09
1.06
1.88
1.83
2.39
0.81
0.4
0.78
0.63
0.91
0.53
-0.07
0.74
2.4
1.17
1.82
0.35
2.08
3.1
0.86
0.7
0.14
1.44
1.97
1.94
0.83
1.8
2.16
0.97
2.1
0.36
0.21
0.65
0.83
1.04
2.06
2.45
1.9
0.65
2.22
0.62
1.45
2.09
1.99
0.89
1.06
0.34
0.54
1.31
0.94
0.98
1.18
1.25
0.22
1.92
0.68
0.69
0.91
1.31
0.89
1.22
1.26
1.35
2.28
1.3
1.95
1.95
0.03
0.88
1.36
1.22
0.21
0.9
1.1
1.28
0.85
0.62
1.8
2.1
0.27
0.96
0.9
1.75
0.61
0.85
0.83
1.22
1.45
2
0.28
1.7
1.03
1
1.44
0.62
1.66
0.27
0.24
1.2
1.39
1.27
1.12
1.44
0.74
1.84
0.38
1.48
1.19
0.99
0.36
0.98
1.82
1.11
1.67
0.91
2.38
2.4
2.5
1.05
0.73
1.64
2.8
0.97
1.33
0.48
2.93
1.47
1.11
0.84
0.85
1.8
1.81
2.11
1.57
1.42
1.21
0.14
0.12
2.3
0.6
-0.02
1.35
0.85
1.07
1.88
0.18
0.84
0.95
0.76
1.17
1.01
1.43
1.26
1.82
1.8
1.2
1.85
1.48
1.3
1.26
0.83
0.46
-0.11
1.05
0.78
0.37
1.7
1.57
1.85
1.71
0.81
1.21
1.5
2.3
0.97
1.5
1.12
1.73
0.46
1.34
2.2
1.52
1.4
1.58
0.5
1.04
1.63
0.9
0.06
1.44
0.95
0.74
0.36
1.11
1.19
2.05
1.49
1.14
1.35
1.63
1.73
1.43
0.95
1.5
-0.02
1.6
0.51
1.31
1.07
0.75
1.9
0.41
0.78
1.4
1.19
1.26
0.94
1.08
1.37
0.8
1.14
1.43
1.75
1.65
1.19
1.74
1.62
4.04
0.71
0.4
0.99
1.31
0.3
1.38
2.01
0.3
0.09
-0.02
0.4
0.1
0.72
0.92
1.07
2.12
1.58
1.96
0.3
0.1
1.43
1.46
0.93
1.59
1.96
1.57
2.12
0.87
1.03
0.26
0.44
1.4
0.8
1.7
1.46
1.33
0.77
0.71
1.23
2.22
1.08
2.38
-0.3
1.05
0.79
0.83
1.7
0.39
0.83
0.84
1.01
0.69
0.28
0.36
0.69
1.6
0.6
0.4
1.8
1.4
1.75
0.7
0.5
0.26
3.05
1.79
1.56
1.21
0.81
1.4
0.59
0.96
1.4
0.53
1.16
0.2
0.85
0.55
1.15
2
1.61
0.6
1.08
0.87
0.8
1.6
1.45
1.54
1.82
0.67
0.85
1.18
0.7
-0.08
0.74
-0.15
0.84
1.8
1.48
0.32
0.71
1.6
0.52
0.5
1.3
0.54
1.77
0.84
2.6
0.69
0.12
1.56
1.5
0.83
1.18
1.2
0.18
1.95
1.43
1.74
1.7
0.77
0.89
1.17
2.13
0.9
1.57
2
1.59
1.15
1.7
4.4
1.67
1.1
0.88
1.67
0.7
1.05
1.64
0.73
0.87
1.8
0.26
0.08
0.69
0.87
1.36
1.3
0.03
0.22
0.24
0.19
0.57
0.66
1.17
0.71
1.37
0.55
1.12
1.65
1.31
0.86
0.17
0.39
0.89
0.54
2.18
1.46
1.4
0.8
0.24
2.1
1.46
1.8
1.8
2.2
0.6
1.9
0.37
1.59
1.12
1.4
0.79
1.04
0.75
0.72
0.75
1.23
1.51
2.54
1.5
0.82
1.2
0.82
0.87
1.8
0.42
0.47
1.43
1.4
0.76
1.5
1.37
0.92
1.12
1.63
1.35
1.2
1.64
1.92
2.14
2.2
2.16
0.25
1.18
0.91
1.78
1.15
0.84
1.8
1.8
0.87
1.91
2.14
1.71
0.38
2
0.65
1.2
1.31
1.27
0.21
1
0.61
0.4
0.36
0.7
2.3
1.78
0.94
1.08
0.7
2.6
-0.05
-0.06
1.31
1.57
1.58
1.12
1.44
1.2
0.63
1.41
1.62
0.89
2.48
1
0.8
0.72
-0.05
2.37
1.77
2.3
0.6
-0.4
1.4
0.49
1.35
1.08
0.15
0.44
0.19
1.87
0.6
0.72
1.15
0.82
1.16
0.84
0.37
0.54
0.85
0.93
1
1.25
1.29
1.03
0.35
1.55
2.35
1.47
1.7
0.91
0.61
1.76
0.57
0.84
2.54
0.36
1.29
2.79
1.79
1
0.79
1.46
1.95
1.96
2.16
1.01
2.72
1.36
1.35
0.99
2.78
0.8
0.94
1.24
2.79
3.4
0.86
2.71
0.86
1.05
0.5
1.86
1.45
1.5
1.63
0.29
0.6
0.53
0.92
0.89
-0.32
-0.26
-0.45
-0.74
-0.7
1.1
0.46
1.76
0.1
1.82
0.5
0.74
1.35
0.8
0.72
1.26
1.84
0.77
3.55
1.64
1.42
1.7
2.2
1.46
0.7
-0.3
0.91
0.1
-0.2
1.66
0.75
1.91
0.73
1.48
0.5
0.17
0.8
0.57
0.64
1.13
0.99
0.48
0.05
1.67
0.25
0.25
1.79
0.35
0.9
0.82
0.42
1.69
1.99
0.12
0.88
0.59
0.46
0.92
1.17
1.08
1.21
0.9
1.87
1.27
0.83
0.1
1.59
0.86
1.6
0.84
2.25
1.7
0.28
1.7
2.56
1.61
1.8
0.71
2.6
1.6
3.1
1.6
0.69
1.43
1.97
1.62
2.25
0.51
1.19
0.84
0.19
0.92
0.84
0.35
1.79
0.83
1.8
0.86
0.54
0.38
0.8
0.88
1.22
1.24
0.37
1.8
1.53
0.94
0.75
0.04
0.89
0.12
1.1
1.2
2.1
1.19
2.26
2.17
1.5
1.47
0.83
1.31
2.8
1.3
1.6
1.2
1.89
1.7
1.08
2.3
0.49
0.65
1.04
0.45
0.34
0.71
1.4
1.17
1.81
0.73
0.53
0.72
1.8
0.72
-0.17
2.08
1.02
2.24
1.04
0.66
0.85
0.71
0.67
0.71
0.03
1.73
1.55
3.17
0.9
0.96
0.53
1.04
1.36
1.78
0.66
2
1.31
0.55
1.6
0.87
0.89
0.66
0.71
0.36
2.23
1.81
0.5
3
1.65
1.6
0.61
1.1
1
2.34
0.87
2.18
1.87
2.16
1.36
1.46
1.07
1.73
1.5
3.07
1.58
2.13
0.84
2.58
1.96
2.35
0.86
3.1
1.72
2.36
0.84
1.66
1.42
1.21
1.08
1.6
0.46
1.8
1.5
0.22
1.26
1.15
0.86
0.85
-0.05
1.43
1.02
1.7
0.71
0.01
0.26
0.23
1.6
1.54
0.29
1.02
2.44
0.74
1.6
0.36
0.55
0.58
0.91
1.5
1.38
0.36
1.22
0.45
1.01
1.1
0.85
-0.52
0.74
0.83
0.85
1.07
1.05
1.27
0.43
1.36
0.17
0.37
2.29
1.47
0.7
1.88
0.85
0.89
1.6
0.76
1.7
1.15
2.2
0.3
0.94
2.77
1.16
0.84
0.82
0.87
1.2
1.4
1.22
0.88
1.75
1.57
1.79
1.24
0.87
1.37
0.97
1.6
0.89
0.97
0.34
0.29
1.3
1.34
1.2
1.42
1.8
1.87
1.9
0.85
0.59
0.98
1.29
1.48
1.93
0.15
1.26
0.8
1
1.45
1.47
0.3
0.86
0.97
2.23
2.09
0.17
0.98
1.82
0.98
1.01
1.8
1.19
0.58
0.7
2
0.91
1.04
1
2.01
0.81
0.6
1.22
1.21
1.57
2
0.4
0.83
1.29
1.21
2.32
1.24
0.98
1
0.46
1.34
1.47
0.92
1.26
0.39
0.37
1.9
2.07
1.77
0.9
2.2
2.62
2.19
1.9
0.12
1.23
1.09
1.28
0.85
0.7
0.67
2.48
1.61
1.61
0.9
1.49
1.11
0.84
1.9
2.08
2.01
0.56
1.46
1.4
0.7
1.85
1.17
1.79
1.44
1.14
2.1
0.83
2
2.5
1
0.14
1.64
1.3
1.13
0.98
1.41
0.2
0.7
-0.04
1.2
1.1
1.46
0.91
1.75
2.1
2
0.85
1
2.87
1.42
0.11
1.54
0.78
0.81
1.26
1.4
1.53
1.23
1.33
0.48
1.98
0.01
0.6
0.83
0.29
2.1
0.54
3.08
0.72
0.51
0.2
1.58
1.73
0.38
1.15
0.11
0.17
0.66
1.04
0.85
0.84
3.05
1.25
1.97
0.25
1.2
1.65
1.35
0.98
1.33
1.3
0.9
0.93
0.85
0.66
1.4
1.05
1.5
0.41
1.9
1.1
0.94
1.18
0.46
0.23
1.35
1.7
0.9
1.8
0.56
1.19
1.41
1.1
2.11
1.38
0.4
1.33
0.84
0.98
0.85
2.4
0.84
0.3
0.28
1.17
0.53
0.16
0.93
0.9
0.8
0.64
0.8
0.2
1.08
1.94
0.73
1.01
0.15
0.8
0.99
0.49
0.54
0.36
2.38
0.3
-0.2
1.4
1.4
1.24
1.09
0.58
2.18
1.05
1
0.67
0.62
1.11
0.72
2.19
0.67
2.3
-0.51
0.8
0.54
0.11
0.41
1.59
1.11
0.61
0.87
0.8
0.89
2
1
1.85
0.5
0.58
0.9
0.86
1.6
0.3
1
1.18
1.1
1.45
0.57
1.81
1.4
0.21
0.78
0.6
2.71
2.75
0.58
0.13
0.75
0.46
1.1
1.69
0.65
2.67
1.68
1.1
1.19
0.61
-0.14
1.38
0.77
0.68
2.44
0.8
2.6
1.6
1.47
1.24
0.47
2.8
0.96
1.92
1.55
1.41
1.46
1.18
0.78
1.38
0.63
0.7
0.56
0.83
0.55
1.5
0.73
0.91
0.1
0.8
-0.2
0.61
0.64
2.11
1.02
1.5
2.9
0.57
0.97
0.5
1.06
1.4
1.31
0.91
1.5
1
0.54
0.89
1.21
0.7
1.1
0.97
0.16
0.58
0.85
1.35
1.94
1.41
2.48
1.94
1.39
0.7
0.48
0.9
1.5
1.53
1.38
1.48
0.6
-0.06
0.4
1.68
0.92
0.77
1.04
1.24
1.51
2.22
0.87
0.4
1.2
0.37
1.5
0.46
1.47
1.28
1.2
1.3
1.26
0.67
1.87
0.89
0.87
0.98
0.93
0.67
0.02
0.86
1.78
0.71
1
0.67
1
0.9
0.76
1.67
1.18
1.3
1.3
1.57
0.7
0.63
1.61
1.86
1.01
0.43
0.36
2.2
0.46
0.38
1.04
0.2
2.03
1.03
0.9
1.4
-0.06
1.51
1.32
1.47
0.8
0.5
0.93
1.8
0.91
1.87
1.26
1
1.9
1.31
-0.98
1.04
0.85
1.44
1.38
1.13
1.36
1.1
0.01
1.11
0.69
0.51
1.03
1.12
0.37
1.27
2.06
1.4
0.72
1.68
0.38
1.65
1.08
-0.04
0.1
0.5
0.72
0.1
0.7
1.5
0.56
0.06
0.96
0.4
0.86
1.17
1.06
0.81
1.31
1.21
1.43
1.03
2.8
2.43
1.47
1.3
1.57
0.88
2.1
1.56
0.88
2.07
0.85
1.74
1.8
1.08
1.32
2.3
-0.03
0.45
0.84
1.79
1.4
0.38
0.24
0.77
1.07
1.17
0.48
1
0.85
1.83
0.78
0.59
1.7
1.18
1.67
0.5
0.72
1.3
0.78
1.5
0.8
1.92
1
0.7
1.1
0.88
3.3
-0.45
0.87
0.06
1.72
-0.12
1.48
1.35
2.01
0.3
0.1
1.35
0.62
1
1.96
3.37
1.47
1.2
1.95
2.27
2.12
0.98
1.41
0.8
0.44
0.93
1.2
0.76
0.63
1.03
2.18
1.54
1.3
2.8
0.97
0.59
1.4
1.25
1.78
0.91
0.85
1.31
0.71
-0.23
1.3
2.6
0.91
1.66
0.38
2.02
0.52
0.57
1.63
0.9
1.08
1.17
2.5
2.01
0.97
1.86
2.2
1.7
1.44
1.1
1.57
2.38
1.54
3.84
3.98
0.57
1.04
2.05
2.23
0.48
2.27
0.37
1.18
1.2
1.39
1.12
0.61
1.35
1.08
1.8
1.13
1.42
1.43
1.28
-0.11
1.3
1.87
0.3
1.64
0.7
1.11
1.91
1.69
1.72
2.29
2.02
1.66
2.53
2.68
1.21
1.57
2.11
2.13
0.82
2.1
1.17
2.8
1.87
0.61
1.48
0.47
2.3
0.86
1.02
1.64
0.71
0.81
1.59
1.02
0.69
0.2
0.35
1.45
0.89
1.74
1.69
1.43
1.31
1.05
0.88
0.85
2.2
0.43
1.09
0.53
0.8
0.9
2.12
0.86
0.66
1.16
4.1
1
0.72
1.1
0.65
1.6
0.44
2
1.57
2.37
0.8
0.63
0.25
0.86
0.9
0.61
0.92
1.16
0.85
1.23
0.86
1.55
1.25
1
0.5
1.18
0.54
2.7
1.33
0.75
0.5
1.43
1.7
1.88
1.21
1.8
1.17
1.4
2.6
1.94
1.57
1.87
1.9
0.85
0.54
1.19
1.17
2.31
2.13
1.79
1.18
1.09
1.13
1.2
0.95
1.72
0.95
2.13
1.59
1
0.94
0.65
0.35
1.46
1.07
1.15
0.84
0.71
2.2
0.47
1.1
0.85
0.64
1.98
0.53
1.41
1.62
0.41
1.41
1.77
0.47
1.22
1.63
0.25
1.45
1.7
0.92
1.57
2
1.41
1.1
1.56
0.36
2
0.59
1.18
1.54
2.9
0.64
1.31
2.7
0.68
0.86
0.97
1.05
0.21
1.24
1.79
2.15
1.3
1.34
0.81
1.45
1.78
0.22
1.75
0.57
0.85
1.3
0.85
1.04
0.84
1.35
1.18
0.85
0.68
0.49
0.9
1.56
0.75
1.54
1.79
1.51
0.14
0.81
0.8
0.34
1.46
2.44
1.33
1.12
1.33
0.94
1.32
1.15
1.5
1.4
0.9
0.62
2.28
0.54
1.32
1.37
1.13
1.6
1.01
1.13
0.77
1.1
0.84
1.73
1.14
-0.4
0.56
0.4
1.7
0.57
0.35
0.49
1.79
1.8
0.92
-0.28
0.68
0.5
0.56
1.58
2.65
0.5
0.52
0.95
0.77
0.94
1.11
1.23
1.01
1.6
0.44
1.23
2.09
1.36
2.8
1.89
2.3
0.36
0.99
2.66
0.63
0.21
0.12
0.95
1.02
1.05
3.03
1.84
0.62
0.7
0.34
1.01
0.97
1
1.05
0.59
0.59
0.3
0.67
-0.04
1.94
-0.03
0.62
1.49
0.85
0.8
0.7
2.08
0.63
0.83
0.9
1.12
0.4
1.66
0.79
0.93
0.7
1.12
0.96
0.36
0.49
1.14
0.83
0.08
1.03
0.09
0.36
0.77
0.79
1.45
1.87
0.11
0.03
-0.07
0.21
0.1
0.3
1.43
1.02
0.88
0.98
0.66
1.62
0.83
1.44
1.7
1.05
1.2
0.56
1.51
1.85
1.85
1.45
1.25
1.37
0.65
0.58
0.34
0.56
1.72
1.39
2.42
1.37
1.3
1.57
0.87
0.7
0.73
0.72
0.17
2.34
3
1.58
1.13
1.62
2.06
1.45
0.44
0.73
0.2
0.1
1.8
1.8
2.2
1
1.29
1.38
0.2
0.75
0.54
1.6
0.98
0.57
1.73
1.43
1.08
1.9
1.7
1.32
2.19
1.55
0.82
0.66
-0.19
0.81
0.84
0.9
1.7
0.63
1.16
1.2
2.14
1.18
0.7
0.27
0.81
0.43
1.47
1.15
0.78
0.66
2.53
1.53
1.8
0.98
0.95
1.26
0.53
3.06
0.59
0.84
1.26
0.66
0.86
2.1
1
1.41
1.4
0.6
0.65
1.13
0.8
0.97
1.26
0.7
0.3
0.7
0.73
0.66
0.78
2.4
1.38
0.83
0.48
0.7
1.11
0.81
1.8
0.77
1.64
0.84
1.8
0.8
1.26
2
1
0.36
0.5
1.83
1.49
0.5
1.7
2.44
1.05
1.6
0.86
1.08
1.49
1.82
0.45
1.4
0.93
1.3
0.97
1.6
1.18
1.05
1.43
1.83
0.74
0.85
1.4
1
0.49
0.94
0.36
0.8
1.58
0.84
1.32
0.5
-0.1
1.16
1.12
2.2
2.21
0.58
1.13
1.14
1.4
1.22
0.7
2.8
0.78
1.53
1.19
0.79
0.24
0.98
1.29
1.2
0.88
0.2
1
0.36
0.9
0.5
0.92
0.44
-0.03
1.19
1.2
2.3
1.8
0.82
1.64
0.6
2
2.22
0.81
2.65
2.86
1.4
1.88
2.6
0.26
1.16
0.3
0.55
1.2
0.84
0.6
1.36
0.39
0.86
1.07
0.86
1.47
2.1
0.4
2.4
1.09
1.87
2.06
2.15
1.1
1.69
-0.2
1.5
2
1.09
0.05
1.83
0.85
1.2
1.47
0.95
1.57
0.69
0.84
0.4
0.74
2.28
0.3
0.69
1.2
-0.3
0.57
0.08
0.57
0.91
1.17
0.77
0.76
0.66
0.39
1.13
2.1
0.96
0.29
1.02
1.13
1.71
1.57
0.71
1.44
0.77
1.39
1.02
0.71
0.24
0.42
0.82
0.68
0.83
2.22
1.3
0.84
1.25
0.07
-0.25
0.75
0.5
2.39
1.41
3.2
0.28
1.05
0.82
1.72
0.46
0.65
0.4
2.07
0.68
0.47
0.92
1.22
0.58
1.5
0.39
1.78
1.38
1.73
0.81
2.17
1.25
0.87
0.68
0.72
2.02
0.99
-0.1
1.42
0.84
0.9
0.39
1.5
0.63
0.38
0.82
0.36
2.05
-0.3
1.7
-0.16
2
1.45
2.1
0.8
1.16
0.63
0.87
0.55
0.71
0.52
1.3
0.85
0.85
0.47
-0.05
0.88
1.8
-0.22
0.1
1.59
1.05
2.46
0.26
0.13
0.38
1.7
1.23
0
-0.24
2
1.08
1.01
1.7
0.36
0.96
0.66
0.81
1
1.1
1.33
1.52
0.42
2.2
0.62
0.77
0.51
0.84
1.06
1.69
0.7
2.15
1.4
1.47
0.82
0.75
0.98
0.51
2.2
0.79
2.6
0.16
0.96
1.81
0.37
1.29
2.2
2
0.99
1.69
1.47
1
1.32
0.35
1.1
0.24
1.61
1.27
2.05
1.2
1.36
1.2
2.5
0.88
-0.01
3
0.91
1.67
1.7
0.47
0.46
0.4
2.1
-0.01
1.39
0.71
2.3
1.28
1.16
0.64
0.9
0.85
1.15
0.62
0.92
1.12
0.94
2.04
2.11
0.74
1.36
1.43
2.23
1.56
1.17
1.16
1.4
1.15
0.97
1.51
2.15
0.74
0.1
0.4
1.1
1.24
1.5
0.7
1.95
0.5
0.97
0.68
1.46
0.69
1.49
1.1
1.11
0.33
0.55
0.9
0.84
1.11
1.59
1.43
1.22
0.9
0.85
2.09
0.38
2.7
0.95
0.45
0.36
2.24
1.82
1.07
1.58
0.81
0.78
0.44
1.33
1.01
0.9
1.06
0.51
0.83
0.99
0.35
0.66
0.85
1.22
2.1
1.6
2.7
0.84
1.49
0.7
0.47
0.81
1.1
1.18
0.8
1.63
0.8
2.17
2
2.47
1.25
1.87
0.84
0.65
0.75
1.45
1.1
1.13
0.8
0.37
0.51
1.52
0.85
1.01
0.9
1.09
0.67
0.51
0.9
0.69
0.84
1.48
1.09
0.73
1.94
0.75
0.12
0.74
0.26
1.9
1.37
2.8
2.16
1.39
0.23
2.22
2.12
2.1
0.11
0.75
0.45
-0.05
0.98
1.33
0.46
0.97
1.09
0.46
1.13
0.94
0.4
1.39
1.9
1.2
2.31
1.16
1.14
1.19
0.57
0.54
0.71
0.96
1.63
2.35
3.4
0.72
1.02
0.28
0.63
1.48
1.35
2.11
1.66
0.86
1.17
-0.2
1.19
0.86
0.48
0.75
2.2
0.24
1.11
1.1
2.24
0.74
0.1
1.14
0.18
1.55
0.95
0.85
1.1
1.7
1.09
1.22
1.47
2.4
1.09
0.76
1.7
1.57
0.42
0.52
0.5
0.69
2.2
2
0.72
1.17
1.17
1.9
0.16
0.61
0.86
0.21
2.68
1.51
1.7
1.24
1.05
1.16
1.26
0.83
1.27
1.75
1.1
1.34
0.67
2.2
4.3
3.09
1.4
0.5
-0.2
2.1
0.66
0.5
1.6
1.5
1.77
0.12
1.62
1.26
1.93
1.67
-0.1
1.65
1.6
0.9
0.31
0.82
1.37
0.36
0.99
0.84
1.9
0.58
0.8
1.86
0.79
1.64
0.76
2.1
0.77
0.01
1.16
2.4
0.88
0.8
1.31
1.9
2.44
0.66
0.64
0.8
1.33
0.72
1.3
2.09
0.78
0.31
1
1.6
1
0.87
2.56
1.31
1.02
2.5
1.03
2.54
0.31
0.47
1.1
0.69
0.48
0.39
2.09
0.36
3.16
1.42
2.28
-0.28
0
2.21
0.51
0.9
1.4
0.8
1.66
0.72
0.83
0.43
1.51
0.7
-0.08
0.3
0.86
1.1
1.01
1.5
0.86
1.17
0.25
0.45
0.71
0.35
1.27
1.08
1.52
1.3
1.6
2.18
0.99
0.9
1.52
1.87
0.77
0.91
1.02
1.26
0.91
3.3
1.87
1.1
0.32
1.59
0.58
1.2
0.24
1.31
1.36
1.5
1.5
1.36
1.7
1.94
0.8
0.96
1.7
1.4
0.63
1.02
1.81
0.45
1.83
1.71
1.16
1.26
0.54
1.57
0.71
1.73
0.92
0.74
1.2
1.6
0.2
0.78
2.02
3.1
1.16
0.84
2.4
1.6
1
1.34
1.8
0.86
1.93
0.38
1.33
1.01
0.85
1.71
0.76
1.08
1.33
0.3
1
0.77
2.31
0.19
0.37
0.9
1.8
1.74
1.71
-0.11
1.4
2.3
1.57
1.37
-0.12
2.84
1.18
1.33
0.04
1.3
0.26
1.3
2.59
0.48
0.7
0.48
0.74
1.06
1.56
0.72
0.57
1.44
1.25
0.74
0.8
1.3
0.88
1.01
0.05
1.54
1
1.11
0.81
0.99
0.35
1
1.62
2.1
2.9
0.28
1.88
0.77
0.36
0.85
1.9
1.31
0.76
0.25
1.7
1.9
1.4
1.7
0.9
0.6
-0.22
0.89
1.51
1.2
0.07
0.3
1.58
0.8
1.27
1.9
0.4
1.15
1.68
0.49
0.85
0.4
1.32
2.28
1.3
-0.3
1.56
1.8
1.9
2.9
2.2
0.87
1.6
-0.05
0.71
1.1
1.51
1.08
1.9
0.45
1.3
1.53
0.9
0.73
0.56
0.4
1.49
0.74
0.63
0.35
0.63
0.27
1.4
0.61
0.41
1.12
2.4
1.9
-0.07
0.65
1.6
1.5
0.2
0.89
0.88
0.69
2.4
1.7
1.39
0.44
0.5
2.18
0.41
0.69
1.56
0.88
1.81
1.08
0.56
0.93
0.84
0.7
1.17
0.46
1.86
1.6
1.41
1.2
0.79
0.06
0.94
1.42
1.62
0.93
1.04
1.8
1.02
1.11
1.46
0.81
0.82
1.11
0.92
0.15
1.12
1.73
0.71
0.21
0.29
1.98
1.82
2.06
0.89
0.37
1.13
1.21
0.71
0.46
1.07
0.43
1.8
0.15
0.87
1.38
1.28
0.87
0.84
0.81
0.89
2.01
1.67
-0.08
1.4
0.7
1.75
1.75
1.47
2.06
0.4
1.32
0.7
1.2
1.3
0.84
1.3
0.58
1.15
1.8
1.12
0.87
1.6
0.8
1.03
0.52
1.24
1.6
1.52
1.15
1
0.85
0.9
0.75
0.3
1.28
0.7
0.47
2
0.95
0.47
0.12
1.3
1.6
0.87
1.46
1.02
1.04
0.95
1.38
-0.01
0.33
0.73
1.3
1.93
1.06
0.58
0.9
1.05
0.59
2.1
1.83
1.34
0.98
0.6
0.3
0.7
1.8
0.67
0.91
0.9
0.77
1.77
1.12
0.74
1.42
2
0.9
0.87
0.45
1.39
0.6
2.03
1.7
1.4
2
1.62
2.19
0.21
0.79
2.03
1.28
1.11
1.1
1.48
1.02
1.9
1.48
0.68
0.91
1.8
1.98
1.08
0.84
-0.09
1.07
1.6
1.48
0.9
1.5
-0.06
1.6
1.73
1.5
1.04
1.08
1.61
1.83
0.95
1.7
0.92
0.95
0.62
1.07
1.8
3.1
1.85
0.36
0.45
0.56
0.44
1.87
1.53
1.94
0.6
0.36
1.14
2.68
1.84
2.08
1.31
0.25
0.78
1.66
0.78
0.74
1.07
0.6
-0.08
1.52
3.1
0.87
0.75
0.46
0.85
0.85
0.4
0.67
0.62
0.26
1.75
1.01
0.59
0.4
2.23
1.5
2.9
1.4
3
1.62
1.9
0.3
0.75
1.7
1.93
1.4
2
1
1.1
2.3
2.02
1.98
0.87
2.3
1.11
0.01
0.71
1.05
1.85
1.5
1.95
1.6
1.9
1.9
1.27
1.3
0.9
1.03
0.8
0.52
0.86
0.58
1.4
2.5
0.52
0.75
0.53
1.12
0.89
0.83
1.13
1.09
0.18
0.8
0.46
1.1
0.46
1.73
0.14
0.2
1.55
0.32
1.55
0.91
0.99
0.44
3
0.57
1.04
-0.09
2.3
0.62
2.2
1.76
0.74
2.2
0.5
1.36
0.69
0.85
1.83
0.97
0.95
2.1
0.79
0.7
0.7
1.67
-0.3
0.35
0.96
0.89
1.24
1.07
0.67
2.02
0.48
0.65
0.19
1.14
1.57
1.82
2.25
2.05
0.23
0.92
0.42
1.7
0.69
0.93
-0.06
0.76
1.32
0.67
0.7
1.81
1
0.86
1.2
0.3
0.98
0.34
1
1.43
0.8
2.24
1.25
1.67
1.74
0.8
0.54
0.36
0.07
0.4
2.89
1
1.44
2.1
2.06
1.13
0.02
1.75
0.41
0.83
0.52
1.33
0.95
1.52
1.3
-0.07
0.69
2.17
1.14
1.29
0.78
1.9
1.42
0.7
1.93
1.2
1.65
1.5
1.46
1.44
1.7
0.1
0.6
2.9
1.61
1.9
1.1
0.85
0.46
0.57
1.7
1.7
1.46
0.32
1.98
1.07
0.8
0.21
0.1
0.8
0.86
0.83
1.38
1.7
1.35
0.85
1.17
1.62
1.5
1.24
1.2
2.7
2.08
1.4
1.2
1.5
1.81
0.85
0.17
1.7
0.84
0.28
3.5
-0.07
2
0.9
1.1
1.61
0.36
1.34
1.13
1.63
0.53
0.99
2.4
0.51
0.69
1.82
-0.07
1.2
1.74
2.3
0.64
1.2
1.9
1.4
1.68
0.15
1.43
1.23
0.37
0.4
1.9
0.7
1.79
1.23
-0.05
0.91
2
1.45
2.1
1.15
1.3
0.54
0.96
1.92
0.76
1.6
1.7
2.07
1.29
1.19
0.43
1.49
0.94
1.85
0.44
2.05
0.67
1.39
0.94
1.34
0.93
0.38
0.7
0.96
0.08
1.99
0.36
1.28
3.5
1.6
0.07
1.15
0.9
0.7
0.97
1.1
1
0.42
0.1
1.11
0.97
0.6
0.9
1.38
1
0.7
1.3
1.34
0.8
1.36
0.2
0.56
0.33
0.37
-0.09
1.29
0.5
0.53
1.72
0.63
0.55
2.43
0.5
0.3
0.9
0.8
0.53
0.21
0.99
1.5
2.86
1.6
0.38
0.65
0.79
0.36
2.1
2
1.47
1.86
0.64
1.96
1.8
0.28
0.64
0.69
1.2
1.7
0.64
-0.2
1.27
0.38
0.5
0
0.82
0.7
0.83
1.22
1.8
1.86
2.24
2.33
0.72
1.6
0.7
0.4
1.55
0.79
0.26
0.66
1.14
0.67
0.15
1.02
0.93
0.71
0.84
1.89
1.29
0.52
2.43
1.48
1
1.54
2.7
0.18
0.5
0.38
1.18
-0.13
2.2
1.82
1.78
1.91
0.88
0.85
0.34
1.55
1
1.82
1.3
1.83
0.82
1
2.14
1.97
2.4
1.4
1.5
3.1
1
0.97
3.9
2.42
0.31
0.97
0.75
1.78
1.63
1.6
0.71
1.48
1.44
0.59
0.71
1.19
2.33
1
0.85
0.63
2.8
0.08
1.8
-0.59
0.3
0.75
0.94
2.38
0.62
0.3
0.69
-0.3
1.7
2.4
0.6
1.01
1.2
-0.14
1.84
0.39
0.27
0.48
0.26
1.18
0.24
1.9
0.48
0.59
2
1.35
1.75
1.7
0.7
1.05
0.55
0.59
1.75
1.2
1.7
0.32
1.2
0.62
1.26
2.03
0.76
2.13
0.11
1.05
1.24
0.5
1.79
1
1.1
1.45
3.1
1.48
2.21
0.9
1.13
0.23
0.34
0.85
1.35
0.94
1.89
0.28
1.62
0.54
1.1
1.71
0.4
0.66
1.02
0.9
0.93
0.29
0.42
1.7
0.28
2.4
0.7
1.7
2.3
1.6
1.48
0.13
0.8
1.4
0.73
1.19
0.5
0.25
0.42
1.1
0.9
0
0.88
1.28
0.7
0.58
0.77
1.7
1.01
3.2
3.5
0.15
0.9
0.27
-0.01
0.69
0.45
0.8
0.7
1.22
1.8
1.59
1.2
0.61
2.1
0.35
1.03
0.8
0.36
0.3
0.13
0.86
0.84
1.52
2.22
1.09
0.86
0.76
0.64
1.05
1.97
0.66
1.16
1.4
0.82
1.15
2.1
0.53
1.6
1.02
2.14
1.42
2.1
0.81
0.5
0.94
1.26
0.9
2.82
0.8
0.33
0.37
1.31
2.5
0.79
0.47
1.53
0.12
0.54
1.1
1.3
2.1
1.69
0.7
0.7
1
0.86
0.93
0.86
0.85
1.88
0.36
0.41
0.03
1.43
0.9
2.1
0.52
0.86
1.03
0.79
1
0.82
0.48
0.94
-0.24
1.7
0.9
0.33
0.55
0.39
2.01
1.04
0.5
2.94
1.13
0.53
2.09
1.27
1
0.37
2.2
1.09
2.2
1.2
1.6
0.78
2.33
1.22
0.45
0.54
0.84
2.69
0.6
0.52
1.4
1.5
1.18
0.96
0.68
1.1
0.82
0.76
0.37
1.09
0.85
1.2
1
2.9
1.13
1.94
-0.2
-0.27
0.24
1.52
0.57
0.93
1.06
0.15
0.22
1.4
0.62
1.53
0.89
0.74
0.08
0.73
0.6
1
0.7
1.21
2.26
1.97
1.58
0.31
0.37
0.21
0.8
0.88
0.89
0.31
0.7
1.68
0.6
1.8
1.8
1.61
0.41
-0.06
0.76
2.4
0.75
0.44
1.6
1.47
1.3
1.49
2.16
0.61
0.83
1.7
0.66
0.7
1.98
2
0.78
1.14
0.46
0.72
1.68
0.86
1.92
2
0.9
0.79
0.75
1.1
0.79
0.93
0.75
1.53
2.19
2.08
2.8
0.89
2.1
0.78
0.7
-0.14
1.4
1
0.78
0.97
0.7
1.57
3.45
0.84
0.67
0.77
0.56
0.9
2.23
0.65
2
0.8
1.5
1.46
0.86
1.58
1.3
0.62
1.04
1.39
0.73
0.64
1.7
1.04
0.92
0.73
2.05
1.66
2.7
1.6
2
1.52
0.85
1.6
0.84
0.9
1.27
2.2
1.51
0.73
0.87
0.7
1.8
2.46
1.64
0.85
1.19
0.4
1.28
1.04
1.48
1.54
0.58
2.06
1.44
1.22
0.8
0.32
1.63
0.53
0.34
1.6
0.8
0.39
0.56
0.9
1.53
0.48
0.86
1.54
0.69
1.02
1.8
0.7
1.57
1.05
0.82
1.28
0.5
1.78
0.85
1.89
1
1.13
1.21
0.43
1.15
1.73
1.88
1.2
1.35
1.28
-0.14
1.31
1.55
1.55
1.71
1.5
1.22
3.39
0.95
0.48
0.49
0.85
0.7
1.8
0.86
0.4
1.1
0.98
0.78
1.44
1.1
1.51
1.2
0.81
2.3
1.6
0.9
1.15
1.29
2.26
0.99
2.12
2.3
0.85
1.82
0.7
0.78
0.2
0.6
-0.3
1
0.69
1.44
1.62
1.6
0.91
-0.3
0.9
0.36
2.52
1.5
2.8
0.01
2.63
1.12
1.6
0.04
1.17
0.15
1.03
0.42
0.64
1.36
0.9
-0.3
1.8
1.9
0.63
1.6
1.26
1.22
0.9
1.92
1.01
1
1.02
0.44
1.08
1.95
0.9
0.92
0.29
0.37
0.14
1.02
0.06
1.65
1.2
0.94
1.7
0.8
1.4
1.1
0.48
0.04
0.03
0.82
1.47
0.32
0.91
0.63
-0.28
0.42
2.01
1.29
1.04
0.63
1.13
0.75
1.43
0.79
0.87
1.51
0.71
1.38
1.9
0.92
2.06
1.45
0.79
1.8
1.74
1.63
0.59
0.85
1.12
0.68
1.17
0.98
0.17
0.84
1.8
1.06
0.75
0.85
1.66
1.4
1.37
0.79
1.87
1.91
1.56
0.59
0.18
1.15
0.74
2.6
0.37
1.4
0.02
0.73
0.82
1.05
1.62
0.81
1
0.29
-0.24
0.43
1.6
1.57
0.59
1.53
1.27
2.17
0.54
1.89
0.38
0.6
1
0.42
0.55
1.71
1.55
1.25
0.66
-0.54
0.55
0.56
1.5
1.3
0.95
0.44
0.15
2.6
1.23
1.85
1.36
1.1
0.94
0.89
1.79
0.3
0.74
0.91
1.39
0.81
0.48
1.37
1.85
1.49
0.62
1.78
0.76
0.59
1.52
1.18
0.52
0.28
1.46
1.44
1.12
3.3
1.37
1.09
0.6
0.8
0.53
0.32
1.33
1.22
1.21
0.27
0.96
0.9
1.94
1.22
3.6
1.82
1.2
0.66
0.59
1.41
0.44
1.61
0.5
2.05
0.54
0.9
1.28
1.3
0.51
0.87
1.57
1.22
1.7
0.9
1.4
1.3
0.36
1.49
1.05
1.76
-0.1
1.7
1.72
1.51
0.86
0.97
0.3
-0.5
1.03
0.95
1.6
-0.5
0.57
1.28
1.43
0.5
0.6
2.2
1.3
1.2
1.97
1.24
1.22
0.72
0.68
3.12
1.6
2.7
0.5
1.06
1.37
0.49
0.95
0.66
0.97
1.1
1.54
0.8
0.75
2.5
0.37
0.53
2.2
1.65
0.73
0.89
0.8
0.7
0.53
0.81
1.13
1.34
1.35
1.24
1.29
0.21
0.69
0.71
0.48
1.48
1.74
0.58
0.77
2.6
1.39
0.95
0.65
0.39
0.98
0.52
2
0.78
1.36
0.36
1.24
2.72
0.7
0.44
2.14
3.1
2.07
1.09
1.19
1.31
1.2
2.55
1.18
0.85
0.82
1.18
0.75
1.2
1.11
1.9
1.29
1.7
1.77
2.2
1.04
0.99
1.4
2.31
1.59
1.53
1.92
1.4
1.8
0.72
2.26
0.47
1.87
1.11
0.68
1.66
2.41
0.36
0.85
0.69
1.24
2.13
0.92
0.35
0.97
0.83
0.97
0.76
0.6
0.87
1.25
3.08
0.41
1.71
1.49
1.77
0.93
1
2.1
0.78
0.96
1.2
0.35
0.46
1.21
2.86
1.31
0.6
0.78
1.61
0.75
0.75
0.36
0.02
0.96
-0.06
1.77
0.48
0.74
2.68
0.39
1.69
1.56
2.7
1.57
1.05
0.86
1.83
0.68
1.35
0.94
0.94
1.02
1.5
3.1
0.71
1.7
1.44
1.65
0.79
0.81
0.78
1.29
1.7
0.79
1.3
1.27
1.8
1.01
0.84
1.38
1
1
0.11
1.7
2
1.5
1.6
1.57
1.3
0.47
2
0.46
1.86
0.38
1.9
0.4
0.42
0.4
0.6
0.1
1.5
0.99
1.9
0.13
0.55
1.05
1
1.08
0.71
0.9
1.4
1.2
1.9
0.8
2.55
0.6
1.2
1.2
0.46
0.95
2.18
1.95
1.7
0.57
1.53
2.1
1.32
1.73
0.22
1.1
2.78
1.2
1.97
0.91
2.5
0.68
1.51
0.38
1.15
0.49
1.15
2.2
0.1
-0.3
0.48
1.37
0.96
0.5
0.48
0.89
0.3
1.21
1.68
1.1
0.36
0.85
1.15
1.8
1.6
0.91
0.5
0.53
1.9
1.31
0.79
1.2
0.61
1.99
0.49
1.15
2.1
1.81
2.46
1.7
2.17
0.24
1.31
-0.2
0.94
0.7
3.1
0.47
1
1.63
1.83
2.7
1.29
2.22
0.7
0.75
0.81
0.2
1.52
0.74
1.9
1.2
0.2
0
0.57
1.85
0.99
2.3
0.7
1.81
1.09
2.05
0.59
0.9
0.6
0.7
1.11
1.49
0.77
1.1
0.8
1.53
2.24
1.44
0.84
1.56
0.35
0.86
1.2
0.47
0.98
0.89
1.68
1.06
0.32
0.82
0.88
0.99
1.87
1.33
1.13
0.44
0.57
1.39
1.76
1.48
0.94
0.59
1.65
2.93
1.73
1.1
0.23
1.4
0.68
1.24
2.08
0.18
1.52
1.5
1.4
0.44
0.51
1.25
1.11
0.97
1.6
1.1
0.69
0.6
1.12
-0.13
0.9
0.84
0.3
0.47
1.46
1.19
1.82
1.06
1.73
3
3.2
1.55
0.14
2.25
1.57
1.34
3.26
2.79
1.47
1.6
1
1.05
1.38
1.39
1.55
1.63
1.06
0.98
0.57
1.25
-0.5
0.9
1.18
1.24
-0.16
1.5
0.59
0.37
0.15
0.13
0.86
0.75
1.23
3.26
0.58
1.78
0.85
1.2
1.21
1.27
1.1
0.54
1.49
0.43
0.68
1.83
0.73
1.07
1.38
0.04
0.68
1.39
1.66
1.41
1.23
2.86
1.13
1.2
1.12
0.35
0.42
-0.05
1.67
0.59
0.55
1.1
1.9
1.67
1.14
-0.07
1.43
0.7
1.84
0.21
1.46
0.58
0.86
1.87
0.46
1.9
0.6
1.26
2.2
-0.17
1.95
1.92
0.58
2.58
2.9
2.1
1.03
1.19
1.15
0.69
-0.24
2
2.41
1.71
1.14
0.8
1.93
0.9
1.41
0.63
0.5
1.8
0.85
0.62
0.9
0.63
0.99
0.6
0.72
0.99
1
0.87
0.84
1.07
0.2
0.89
0.6
1
1.05
1.6
1.3
0.7
0.85
1.74
0.7
0.45
0.45
-0.21
-0.15
0.46
0.88
0.92
0.7
0.68
0.36
0.49
0.05
0.5
1.6
2.08
-0.38
-0.51
1.1
1.82
1.6
0.8
-0.09
-0.05
2.12
0.9
1.38
1.58
-0.17
0.12
0.8
1.32
1.04
0.09
1.12
0.55
1.93
0.79
0.55
2.88
0.85
0.86
-0.18
0.53
0.4
1.32
1.1
1.05
1.87
1.52
1.74
0.6
1.1
1.02
0.56
0.66
1.11
0.2
0
0.53
2.07
1.51
0.55
0.42
1.51
0.42
2.73
1.88
0.02
1.2
0.06
1.47
0.46
1.49
1.64
1.14
1.82
0.66
1.14
1.78
0.86
0.27
1.1
2.72
0.43
1.82
2.63
0.76
0.37
0.97
0.41
0.37
0.75
1.55
1.73
1.15
0.96
0.55
1.27
0.6
2
1.63
1.75
1.57
2.05
1.67
1.5
0.4
1.78
2.92
0.37
2.15
0.88
1
1.85
2.21
1.3
0.38
2.41
0.85
1.23
1.23
3.2
1.2
0.47
1.17
1.9
1.1
2.26
1.25
2.22
0.35
2.42
0.81
0.8
0.66
0.57
-0.28
1.6
0.71
1.28
1.89
2.38
1.39
0.93
0.81
1.42
0.85
1.69
1
2.66
0.9
1.92
1.52
1.6
2.89
2.07
1.14
0.37
1.12
1.25
1.93
1.29
1.32
2.5
1.55
2.13
2.11
0.82
1.83
2.83
1.9
2.64
3.66
1.22
1.41
2.05
0.12
0.72
2.19
3.1
2.3
1.9
0.7
1.93
1.42
0.2
0.91
1.07
1.88
1.44
1.31
0.73
0.9
0.68
2
1.29
1.71
1.9
1.44
0.7
1
2.06
0.65
0.15
1.7
0.92
1.85
0.96
2.3
0.7
1.2
1.51
0.75
2.73
0.46
1.73
2.09
2.53
0.48
0.74
1.13
1.36
2.68
0.93
2.16
3
0.33
0.71
0.8
0.57
1.5
1.75
0.7
1.01
2.1
2.9
0.74
0.95
1.38
1.17
1.17
1.25
0.8
2.06
1.22
0.78
1.71
0.12
1.42
0.35
0.8
1.45
0.62
1.86
1.94
0.46
1.81
1.79
0.8
0.52
1.11
0.8
0.78
0.88
3.13
1.6
0.6
1.57
1.41
0.14
1.43
1
0.26
1.24
2.26
0.3
0.15
1.15
0.88
0
0.2
0.07
0.99
0.67
1.9
0.57
1.69
0.67
0.33
0.59
1.56
1.23
0.99
1.47
2.8
0.9
2.2
1.3
0.75
1.16
1.11
1.3
1.58
1.46
0.66
0.15
1.08
0.8
1.82
0.82
1.2
3
0.76
0.6
1.63
0.45
0.8
1
3.8
0.85
0.74
0.3
0.77
0.64
0.85
1.8
1.54
0.19
1.05
0.7
1.91
0.45
0.8
2.3
1.52
0.03
1.2
1.2
-0.2
0.25
0.5
2.2
0.34
1.17
0.73
1.9
0.57
0.36
1.68
0.84
0.61
1.47
1.34
1.2
0.18
0.3
0.9
0.38
2.5
1.3
2.07
0.49
0.65
1.03
1.1
1.2
1.2
0.46
1.17
0.66
0.8
0.28
0.34
1.11
2.01
0.62
0.8
1.21
2.19
0.16
0.93
1.33
1.72
2.26
0.87
1.9
0.62
0.66
1.57
0.54
1.93
0.79
0.54
0.59
0.83
0.8
0.3
0.33
0.62
1.45
0.36
1.1
0.5
0.42
1.28
1.2
0.77
1.45
0.71
0.6
1.25
0.44
0.5
1.33
2.96
1.5
1.19
2.2
1.7
1.3
1.74
0.97
0.7
1.8
0.66
1
1.7
1.12
0.19
0.37
2.48
2.67
1.4
0.5
0.17
0.75
0.6
0.6
0.32
0.66
1.5
0.69
2.2
1.8
0.97
1.12
0.42
0.73
-0.34
0.35
0.2
2.18
0.7
0.29
0.8
0.37
0.97
1.14
1.4
2.8
0.15
1.06
1.11
1.63
0.38
1.24
0.86
0.85
0.55
2.06
0.9
1.7
0.74
1.25
0.43
0.82
2.13
0.51
1
0.58
0.4
-0.17
2.42
0.66
0.7
1.66
1.91
0.4
1.12
1.65
0.74
1.3
1.8
1.12
0.33
0.31
0.6
0.5
0.61
1.41
0.57
0.68
2.5
0.25
0.4
1.27
1.21
0.55
0.83
0.78
0.9
1.8
0.9
0.48
-0.02
0.66
0.93
0.5
2.11
-0.01
2.76
2.2
0.84
0.84
0.97
0.7
0.66
0.52
1.88
2.2
0.45
1.15
0.41
0.37
0.5
1.03
0.98
2.02
2.27
1
1.14
0.62
0.73
0.57
0.24
2.22
1.15
0.5
1.78
0.93
1.19
0.85
